Date,Total Adults in Shelter,Total Children in Shelter,Total Individuals in Shelter,Single Adult Men in Shelter,Single Adult Women in Shelter,Total Single Adults in Shelter,Families with Children in Shelter,Adults in Families with Children in Shelter,Children in Families with Children in Shelter,Total Individuals in Families with Children in Shelter ,Adult Families in Shelter,Easter,Thanksgiving,Christmas
8/21/2013,28359,21314,49673,7231,2710,9941,10261,14607,21314,1796,3811,0,0,0
8/22/2013,28366,21324,49690,7201,2716,9917,10274,14622,21324,1803,3827,0,0,0
8/23/2013,28257,21291,49548,7149,2671,9820,10266,14611,21291,1802,3826,0,0,0
8/24/2013,28274,21343,49617,7110,2690,9800,10291,14650,21343,1801,3824,0,0,0
8/25/2013,28458,21400,49858,7230,2704,9934,10324,14694,21400,1804,3830,0,0,0
8/26/2013,28485,21392,49877,7252,2704,9956,10307,14688,21392,1809,3841,0,0,0
8/27/2013,28414,21322,49736,7209,2713,9922,10277,14640,21322,1813,3852,0,0,0
8/28/2013,28428,21325,49753,7229,2721,9950,10284,14647,21325,1803,3831,0,0,0
8/29/2013,28396,21412,49808,7151,2709,9860,10316,14696,21412,1807,3840,0,0,0
8/30/2013,28182,21343,49525,7032,2653,9685,10281,14651,21343,1811,3846,0,0,0
8/31/2013,28127,21335,49462,6949,2661,9610,10287,14662,21335,1815,3855,0,0,0
9/1/2013,28259,21403,49662,6997,2672,9669,10326,14719,21403,1822,3871,0,0,0
9/2/2013,28377,21404,49781,7094,2707,9801,10319,14704,21404,1823,3872,0,0,0
9/3/2013,28377,21404,49781,7094,2707,9801,10319,14704,21404,1823,3872,0,0,0
9/4/2013,28379,21372,49751,7110,2741,9851,10303,14683,21372,1811,3845,0,0,0
9/5/2013,28379,21372,49751,7110,2741,9851,10303,14683,21372,1811,3845,0,0,0
9/6/2013,28337,21410,49747,7088,2723,9811,10306,14681,21410,1811,3845,0,0,0
9/7/2013,28410,21502,49912,7056,2731,9787,10354,14757,21502,1821,3866,0,0,0
9/8/2013,28402,21555,49957,7156,2588,9744,10377,14785,21555,1824,3873,0,0,0
9/9/2013,28557,21566,50123,7145,2744,9889,10384,14798,21566,1823,3870,0,0,0
9/10/2013,28572,21577,50149,7147,2743,9890,10394,14805,21577,1826,3877,0,0,0
9/11/2013,28580,21571,50151,7166,2729,9895,10387,14804,21571,1829,3881,0,0,0
9/12/2013,28587,21653,50240,7124,2750,9874,10423,14842,21653,1824,3871,0,0,0
9/13/2013,28556,21662,50218,7106,2743,9849,10417,14835,21662,1825,3872,0,0,0
9/14/2013,28556,21694,50250,7098,2752,9850,10428,14853,21694,1816,3853,0,0,0
9/15/2013,28773,21767,50540,7222,2773,9995,10471,14918,21767,1819,3860,0,0,0
9/16/2013,28801,21725,50526,7222,2773,9995,10455,14911,21725,1836,3895,0,0,0
9/17/2013,28755,21697,50452,7221,2794,10015,10439,14878,21697,1819,3862,0,0,0
9/18/2013,28787,21663,50450,7277,2783,10060,10435,14871,21663,1816,3856,0,0,0
9/19/2013,28719,21695,50414,7172,2783,9955,10455,14893,21695,1824,3871,0,0,0
9/20/2013,28673,21705,50378,7185,2751,9936,10453,14883,21705,1817,3854,0,0,0
9/21/2013,28619,21663,50282,7189,2738,9927,10426,14840,21663,1816,3852,0,0,0
9/22/2013,28751,21710,50461,7227,2777,10004,10457,14883,21710,1822,3864,0,0,0
9/23/2013,28874,21734,50608,7280,2801,10081,10465,14912,21734,1830,3881,0,0,0
9/24/2013,28850,21675,50525,7305,2782,10087,10440,14882,21675,1828,3881,0,0,0
9/25/2013,28863,21721,50584,7295,2787,10082,10453,14894,21721,1832,3887,0,0,0
9/26/2013,28888,21804,50692,7287,2771,10058,10483,14934,21804,1836,3896,0,0,0
9/27/2013,28729,21757,50486,7185,2739,9924,10465,14905,21757,1838,3900,0,0,0
9/28/2013,28688,21746,50434,7178,2718,9896,10462,14910,21746,1829,3882,0,0,0
9/29/2013,28815,21780,50595,7264,2724,9988,10480,14927,21780,1837,3900,0,0,0
9/30/2013,28860,21786,50646,7275,2742,10017,10471,14931,21786,1843,3912,0,0,0
10/1/2013,28581,21734,50315,7129,2684,9813,10438,14869,21734,1838,3899,0,0,0
10/2/2013,28583,21768,50351,7073,2681,9754,10469,14916,21768,1845,3913,0,0,0
10/3/2013,28583,21768,50351,7073,2681,9754,10469,14916,21768,1845,3913,0,0,0
10/4/2013,28521,21818,50339,6999,2672,9671,10488,14944,21818,1842,3906,0,0,0
10/5/2013,28507,21817,50324,7012,2666,9678,10483,14928,21817,1839,3901,0,0,0
10/6/2013,28691,21890,50581,7092,2685,9777,10531,14998,21890,1847,3916,0,0,0
10/7/2013,28767,21870,50637,7133,2726,9859,10517,14989,21870,1849,3919,0,0,0
10/8/2013,28772,21830,50602,7165,2722,9887,10494,14972,21830,1846,3913,0,0,0
10/9/2013,28833,21853,50686,7192,2728,9920,10512,14994,21853,1850,3919,0,0,0
10/10/2013,28834,21894,50728,7161,2717,9878,10536,15030,21894,1852,3926,0,0,0
10/11/2013,28791,21883,50674,7091,2738,9829,10534,15037,21883,1851,3925,0,0,0
10/12/2013,28736,21857,50593,7081,2705,9786,10520,15006,21857,1861,3944,0,0,0
10/13/2013,28921,21944,50865,7168,2741,9909,10556,15051,21944,1869,3961,0,0,0
10/14/2013,29014,21948,50962,7248,2751,9999,10558,15053,21948,1869,3962,0,0,0
10/15/2013,28998,21894,50892,7251,2758,10009,10542,15044,21894,1861,3945,0,0,0
10/16/2013,28924,21848,50772,7234,2752,9986,10513,15006,21848,1856,3932,0,0,0
10/17/2013,28914,21848,50762,7216,2774,9990,10510,15004,21848,1849,3920,0,0,0
10/18/2013,28856,21876,50732,7156,2743,9899,10519,15015,21876,1859,3942,0,0,0
10/19/2013,28918,21898,50816,7205,2749,9954,10534,15024,21898,1858,3940,0,0,0
10/20/2013,29094,21965,51059,7297,2776,10073,10568,15070,21965,1863,3951,0,0,0
10/21/2013,29088,21974,51062,7296,2777,10073,10573,15078,21974,1856,3937,0,0,0
10/22/2013,29058,21936,50994,7319,2787,10106,10549,15042,21936,1842,3910,0,0,0
10/23/2013,29125,21927,51052,7358,2801,10159,10554,15042,21927,1849,3924,0,0,0
10/24/2013,29180,21973,51153,7356,2793,10149,10587,15087,21973,1858,3944,0,0,0
10/25/2013,29036,21976,51012,7275,2759,10034,10574,15064,21976,1855,3938,0,0,0
10/26/2013,29058,21997,51055,7264,2770,10034,10592,15076,21997,1860,3948,0,0,0
10/27/2013,29211,22051,51262,7350,2793,10143,10623,15114,22051,1863,3954,0,0,0
10/28/2013,29207,22056,51263,7352,2774,10126,10613,15113,22056,1870,3968,0,0,0
10/29/2013,29187,22035,51222,7342,2787,10129,10598,15100,22035,1866,3958,0,0,0
10/30/2013,29128,22035,51163,7282,2795,10077,10589,15087,22035,1869,3964,0,0,0
10/31/2013,29037,22024,51061,7222,2773,9995,10582,15072,22024,1872,3970,0,0,0
11/1/2013,28743,21990,50733,7043,2693,9736,10570,15057,21990,1864,3950,0,0,0
11/2/2013,28694,21964,50658,7031,2704,9735,10548,15022,21964,1857,3937,0,0,0
11/3/2013,28871,22010,50881,7164,2725,9889,10571,15052,22010,1854,3930,0,0,0
11/4/2013,28930,21982,50912,7232,2722,9954,10555,15037,21982,1858,3939,0,0,0
11/5/2013,28965,21976,50941,7278,2711,9989,10551,15026,21976,1863,3950,0,0,0
11/6/2013,28995,21990,50985,7271,2724,9995,10547,15024,21990,1875,3976,0,0,0
11/7/2013,29000,22028,51028,7269,2714,9983,10562,15047,22028,1872,3970,0,0,0
11/8/2013,28926,22034,50960,7200,2695,9895,10559,15052,22034,1876,3979,0,0,0
11/9/2013,28858,22060,50918,7152,2682,9834,10564,15052,22060,1873,3972,0,0,0
11/10/2013,28992,22074,51066,7254,2687,9941,10581,15066,22074,1879,3985,0,0,0
11/11/2013,29070,22096,51166,7306,2699,10005,10585,15079,22096,1879,3986,0,0,0
11/12/2013,29144,22092,51236,7350,2730,10080,10572,15064,22092,1885,4000,0,0,0
11/13/2013,29063,22047,51110,7318,2720,10038,10561,15038,22047,1879,3987,0,0,0
11/14/2013,29077,22108,51185,7308,2703,10011,10587,15080,22108,1879,3986,0,0,0
11/15/2013,29077,22108,51185,7308,2703,10011,10587,15080,22108,1879,3986,0,0,0
11/16/2013,29077,22108,51185,7308,2703,10011,10587,15080,22108,1879,3986,0,0,0
11/17/2013,29077,22108,51185,7308,2703,10011,10587,15080,22108,1879,3986,0,0,0
11/18/2013,29152,22224,51376,7283,2722,10005,10632,15158,22224,1882,3989,0,0,0
11/19/2013,29168,22215,51383,7301,2724,10025,10626,15146,22215,1887,3997,0,0,0
11/20/2013,29171,22206,51377,7309,2732,10041,10622,15148,22206,1879,3982,0,0,0
11/21/2013,29169,22211,51380,7277,2740,10017,10633,15158,22211,1885,3994,0,0,0
11/22/2013,29025,22189,51214,7203,2695,9898,10623,15139,22189,1882,3988,0,0,0
11/23/2013,29023,22175,51198,7218,2710,9928,10612,15106,22175,1882,3989,0,0,0
11/24/2013,29185,22237,51422,7323,2729,10052,10638,15144,22237,1882,3989,0,0,0
11/25/2013,29237,22252,51489,7347,2728,10075,10648,15169,22252,1882,3993,0,0,0
11/26/2013,29178,22168,51346,7375,2712,10087,10614,15112,22168,1875,3979,0,0,0
11/27/2013,29119,22164,51283,7325,2694,10019,10616,15111,22164,1882,3989,0,0,0
11/28/2013,28902,22174,51076,7166,2661,9827,10606,15094,22174,1878,3981,0,1,0
11/29/2013,28841,22135,50976,7159,2635,9794,10597,15074,22135,1873,3973,0,0,0
11/30/2013,28885,22146,51031,7167,2662,9829,10593,15079,22146,1874,3977,0,0,0
12/1/2013,29067,22151,51218,7300,2686,9986,10599,15082,22151,1885,3999,0,0,0
12/2/2013,29002,22091,51093,7305,2697,10002,10559,15026,22091,1874,3974,0,0,0
12/3/2013,28926,22003,50929,7292,2685,9977,10526,14986,22003,1868,3963,0,0,0
12/4/2013,28887,22022,50909,7251,2695,9946,10524,14977,22022,1868,3964,0,0,0
12/5/2013,28908,22063,50971,7246,2682,9928,10551,15009,22063,1872,3971,0,0,0
12/6/2013,28874,22052,50926,7253,2675,9928,10543,14990,22052,1866,3956,0,0,0
12/7/2013,28933,22066,50999,7286,2697,9983,10546,14983,22066,1871,3967,0,0,0
12/8/2013,29108,22129,51237,7389,2708,10097,10576,15023,22129,1881,3988,0,0,0
12/9/2013,29150,22164,51314,7402,2707,10109,10588,15040,22164,1887,4001,0,0,0
12/10/2013,29096,22060,51156,7417,2712,10129,10545,14976,22060,1883,3991,0,0,0
12/11/2013,29085,22089,51174,7395,2694,10089,10565,15005,22089,1883,3991,0,0,0
12/12/2013,29118,22085,51203,7415,2695,10110,10578,15025,22085,1878,3983,0,0,0
12/13/2013,29007,22066,51073,7317,2693,10010,10570,15015,22066,1877,3982,0,0,0
12/14/2013,28984,22036,51020,7333,2694,10027,10560,15003,22036,1864,3954,0,0,0
12/15/2013,29083,22069,51152,7398,2706,10104,10575,15032,22069,1861,3947,0,0,0
12/16/2013,29161,22054,51215,7442,2725,10167,10564,15027,22054,1872,3967,0,0,0
12/17/2013,29156,22027,51183,7441,2728,10169,10562,15028,22027,1866,3959,0,0,0
12/18/2013,29129,22022,51151,7421,2729,10150,10552,15005,22022,1873,3974,0,0,0
12/19/2013,29129,22022,51151,7421,2729,10150,10552,15005,22022,1873,3974,0,0,0
12/20/2013,28878,21993,50871,7237,2687,9924,10537,14994,21993,1866,3960,0,0,0
12/21/2013,28867,21984,50851,7210,2691,9901,10542,15005,21984,1867,3961,0,0,0
12/22/2013,28960,22032,50992,7267,2698,9965,10565,15037,22032,1865,3958,0,0,0
12/23/2013,29041,22041,51082,7308,2703,10011,10561,15046,22041,1878,3984,0,0,0
12/24/2013,28826,21992,50818,7201,2671,9872,10532,15000,21992,1863,3954,0,0,0
12/25/2013,28938,22027,50965,7261,2681,9942,10556,15036,22027,1866,3960,0,0,1
12/26/2013,28997,22016,51013,7311,2692,10003,10547,15029,22016,1868,3965,0,0,0
12/27/2013,28890,21971,50861,7281,2678,9959,10508,14973,21971,1865,3958,0,0,0
12/28/2013,28826,21961,50787,7261,2660,9921,10494,14950,21961,1864,3955,0,0,0
12/29/2013,28992,22002,50994,7374,2664,10038,10516,14981,22002,1873,3973,0,0,0
12/30/2013,28947,21980,50927,7337,2684,10021,10500,14958,21980,1871,3968,0,0,0
12/31/2013,28463,21907,50370,7030,2588,9618,10458,14889,21907,1867,3956,0,0,0
1/1/2014,28770,21919,50689,7269,2650,9919,10469,14897,21919,1866,3954,0,0,0
1/2/2014,28843,21954,50797,7289,2661,9950,10484,14930,21954,1871,3963,0,0,0
1/3/2014,28947,22007,50954,7323,2678,10001,10521,14978,22007,1872,3968,0,0,0
1/4/2014,28954,22003,50957,7320,2684,10004,10520,14971,22003,1877,3979,0,0,0
1/5/2014,28991,21966,50957,7386,2692,10078,10502,14941,21966,1874,3972,0,0,0
1/6/2014,28974,21936,50910,7399,2704,10103,10462,14896,21936,1874,3975,0,0,0
1/7/2014,29110,21972,51082,7462,2745,10207,10487,14929,21972,1874,3974,0,0,0
1/8/2014,29187,22132,51319,7423,2728,10151,10567,15051,22132,1878,3985,0,0,0
1/9/2014,29190,22162,51352,7367,2736,10103,10586,15074,22162,1892,4013,0,0,0
1/10/2014,29020,22105,51125,7344,2703,10047,10549,15016,22105,1864,3957,0,0,0
1/11/2014,28983,22071,51054,7332,2694,10026,10543,14999,22071,1865,3958,0,0,0
1/12/2014,29139,22122,51261,7387,2726,10113,10584,15055,22122,1872,3971,0,0,0
1/13/2014,29189,22156,51345,7373,2749,10122,10598,15082,22156,1881,3985,0,0,0
1/14/2014,29132,22095,51227,7386,2756,10142,10559,15026,22095,1870,3964,0,0,0
1/15/2014,29169,22175,51344,7373,2771,10144,10591,15066,22175,1867,3959,0,0,0
1/16/2014,29207,22206,51413,7391,2766,10157,10605,15087,22206,1870,3963,0,0,0
1/17/2014,29157,22214,51371,7330,2756,10086,10609,15096,22214,1876,3975,0,0,0
1/18/2014,29150,22169,51319,7369,2754,10123,10591,15065,22169,1871,3962,0,0,0
1/19/2014,29249,22223,51472,7403,2765,10168,10624,15107,22223,1877,3974,0,0,0
1/20/2014,29341,22244,51585,7459,2785,10244,10627,15115,22244,1881,3982,0,0,0
1/21/2014,29395,22254,51649,7485,2787,10272,10627,15126,22254,1888,3997,0,0,0
1/22/2014,29484,22325,51809,7511,2798,10309,10669,15179,22325,1888,3996,0,0,0
1/23/2014,29552,22330,51882,7557,2804,10361,10666,15174,22330,1898,4017,0,0,0
1/24/2014,29538,22369,51907,7506,2803,10309,10685,15213,22369,1897,4016,0,0,0
1/25/2014,29520,22407,51927,7482,2800,10282,10698,15231,22407,1893,4007,0,0,0
1/26/2014,29654,22467,52121,7540,2804,10344,10737,15282,22467,1904,4028,0,0,0
1/27/2014,29680,22488,52168,7545,2814,10359,10740,15295,22488,1903,4026,0,0,0
1/28/2014,29686,22492,52178,7556,2806,10362,10752,15305,22492,1899,4019,0,0,0
1/29/2014,29735,22512,52247,7578,2816,10394,10767,15326,22512,1897,4015,0,0,0
1/30/2014,29708,22523,52231,7540,2803,10343,10772,15341,22523,1902,4024,0,0,0
1/31/2014,29412,22497,51909,7378,2733,10111,10744,15304,22497,1891,3997,0,0,0
2/1/2014,29270,22398,51668,7371,2728,10099,10684,15213,22398,1872,3958,0,0,0
2/2/2014,29309,22415,51724,7384,2730,10114,10692,15229,22415,1875,3966,0,0,0
2/3/2014,29469,22474,51943,7455,2756,10211,10727,15278,22474,1881,3980,0,0,0
2/4/2014,29566,22511,52077,7463,2770,10233,10759,15323,22511,1895,4010,0,0,0
2/5/2014,29610,22527,52137,7497,2769,10266,10760,15322,22527,1902,4022,0,0,0
2/6/2014,29662,22537,52199,7513,2761,10274,10767,15341,22537,1914,4047,0,0,0
2/7/2014,29606,22556,52162,7452,2740,10192,10774,15356,22556,1919,4058,0,0,0
2/8/2014,29502,22490,51992,7419,2744,10163,10742,15296,22490,1911,4043,0,0,0
2/9/2014,29609,22475,52084,7523,2753,10276,10730,15278,22475,1917,4055,0,0,0
2/10/2014,29686,22478,52164,7577,2769,10346,10734,15297,22478,1911,4043,0,0,0
2/11/2014,29706,22460,52166,7602,2790,10392,10722,15280,22460,1906,4034,0,0,0
2/12/2014,29672,22465,52137,7576,2788,10364,10725,15291,22465,1897,4017,0,0,0
2/13/2014,29775,22544,52319,7594,2780,10374,10770,15351,22544,1913,4050,0,0,0
2/14/2014,29630,22523,52153,7503,2756,10259,10763,15333,22523,1908,4038,0,0,0
2/15/2014,29582,22487,52069,7504,2759,10263,10738,15303,22487,1896,4016,0,0,0
2/16/2014,29668,22497,52165,7567,2773,10340,10740,15304,22497,1900,4024,0,0,0
2/17/2014,29751,22519,52270,7612,2785,10397,10754,15322,22519,1904,4032,0,0,0
2/18/2014,29790,22535,52325,7607,2791,10398,10764,15347,22535,1910,4045,0,0,0
2/19/2014,29752,22509,52261,7605,2783,10388,10743,15324,22509,1907,4040,0,0,0
2/20/2014,29693,22478,52171,7606,2772,10378,10731,15310,22478,1889,4005,0,0,0
2/21/2014,29609,22484,52093,7516,2750,10266,10732,15320,22484,1898,4023,0,0,0
2/22/2014,29576,22498,52074,7489,2735,10224,10744,15333,22498,1895,4019,0,0,0
2/23/2014,29694,22555,52249,7552,2740,10292,10771,15369,22555,1902,4033,0,0,0
2/24/2014,29757,22544,52301,7611,2764,10375,10754,15352,22544,1901,4030,0,0,0
2/25/2014,29747,22514,52261,7633,2771,10404,10738,15327,22514,1894,4016,0,0,0
2/26/2014,29749,22589,52338,7614,2768,10382,10758,15350,22589,1895,4017,0,0,0
2/27/2014,29742,22612,52354,7592,2765,10357,10771,15358,22612,1899,4027,0,0,0
2/28/2014,29579,22605,52184,7494,2721,10215,10766,15344,22605,1894,4020,0,0,0
3/1/2014,29536,22631,52167,7448,2687,10135,10778,15357,22631,1906,4044,0,0,0
3/2/2014,29639,22656,52295,7535,2704,10239,10796,15378,22656,1895,4022,0,0,0
3/3/2014,29645,22626,52271,7553,2722,10275,10776,15351,22626,1893,4019,0,0,0
3/4/2014,29593,22525,52118,7555,2723,10278,10739,15296,22525,1893,4019,0,0,0
3/5/2014,29633,22495,52128,7568,2743,10311,10729,15296,22495,1896,4026,0,0,0
3/6/2014,29633,22495,52128,7568,2743,10311,10729,15296,22495,1896,4026,0,0,0
3/7/2014,29561,22509,52070,7498,2711,10209,10743,15315,22509,1900,4037,0,0,0
3/8/2014,29511,22520,52031,7457,2706,10163,10753,15340,22520,1885,4008,0,0,0
3/9/2014,29640,22571,52211,7520,2713,10233,10787,15382,22571,1893,4025,0,0,0
3/10/2014,29651,22506,52157,7557,2752,10309,10748,15336,22506,1884,4006,0,0,0
3/11/2014,29542,22468,52010,7513,2726,10239,10741,15325,22468,1874,3978,0,0,0
3/12/2014,29646,22501,52147,7585,2747,10332,10761,15342,22501,1872,3972,0,0,0
3/13/2014,29642,22505,52147,7594,2724,10318,10767,15354,22505,1872,3970,0,0,0
3/14/2014,29550,22521,52071,7491,2697,10188,10781,15376,22521,1881,3986,0,0,0
3/15/2014,29507,22504,52011,7493,2688,10181,10773,15366,22504,1868,3960,0,0,0
3/16/2014,29707,22546,52253,7629,2708,10337,10794,15396,22546,1874,3974,0,0,0
3/17/2014,29763,22530,52293,7652,2737,10389,10786,15389,22530,1879,3985,0,0,0
3/18/2014,29716,22516,52232,7629,2731,10360,10788,15393,22516,1870,3963,0,0,0
3/19/2014,29790,22509,52299,7672,2747,10419,10778,15391,22509,1879,3980,0,0,0
3/20/2014,29743,22527,52270,7620,2767,10387,10784,15403,22527,1866,3953,0,0,0
3/21/2014,29613,22539,52152,7515,2718,10233,10796,15417,22539,1873,3963,0,0,0
3/22/2014,29603,22559,52162,7491,2711,10202,10800,15425,22559,1880,3976,0,0,0
3/23/2014,29788,22601,52389,7624,2724,10348,10825,15455,22601,1884,3985,0,0,0
3/24/2014,29842,22565,52407,7669,2761,10430,10804,15433,22565,1881,3979,0,0,0
3/25/2014,29839,22528,52367,7674,2779,10453,10793,15418,22528,1876,3968,0,0,0
3/26/2014,29859,22563,52422,7658,2783,10441,10815,15448,22563,1878,3970,0,0,0
3/27/2014,29854,22571,52425,7637,2787,10424,10822,15466,22571,1876,3964,0,0,0
3/28/2014,29712,22574,52286,7521,2739,10260,10831,15487,22574,1877,3965,0,0,0
3/29/2014,29741,22587,52328,7554,2730,10284,10838,15498,22587,1873,3959,0,0,0
3/30/2014,29872,22623,52495,7644,2737,10381,10863,15532,22623,1873,3959,0,0,0
3/31/2014,29833,22587,52420,7640,2734,10374,10839,15496,22587,1875,3963,0,0,0
4/1/2014,29683,22486,52169,7558,2710,10268,10804,15444,22486,1880,3971,0,0,0
4/2/2014,30085,23260,53345,7575,2710,10285,11031,15826,23260,1880,3974,0,0,0
4/3/2014,30015,23259,53274,7505,2704,10209,11035,15830,23259,1882,3976,0,0,0
4/4/2014,30003,23285,53288,7460,2697,10157,11048,15862,23285,1886,3984,0,0,0
4/5/2014,29992,23284,53276,7467,2679,10146,11057,15873,23284,1880,3973,0,0,0
4/6/2014,30176,23335,53511,7570,2716,10286,11080,15904,23335,1886,3986,0,0,0
4/7/2014,30224,23316,53540,7592,2742,10334,11065,15886,23316,1895,4004,0,0,0
4/8/2014,29808,22501,52309,7566,2742,10308,10842,15504,22501,1890,3996,0,0,0
4/9/2014,29840,22479,52319,7610,2730,10340,10835,15499,22479,1894,4001,0,0,0
4/10/2014,29816,22486,52302,7560,2749,10309,10848,15505,22486,1894,4002,0,0,0
4/11/2014,29756,22515,52271,7512,2729,10241,10865,15517,22515,1893,3998,0,0,0
4/12/2014,29716,22538,52254,7476,2726,10202,10866,15525,22538,1889,3989,0,0,0
4/13/2014,29845,22617,52462,7568,2707,10275,10897,15573,22617,1893,3997,0,0,0
4/14/2014,29873,22565,52438,7589,2735,10324,10869,15546,22565,1896,4003,0,0,0
4/15/2014,29942,22545,52487,7693,2741,10434,10853,15523,22545,1888,3985,0,0,0
4/16/2014,29990,22595,52585,7681,2762,10443,10885,15550,22595,1892,3997,0,0,0
4/17/2014,29987,22579,52566,7678,2768,10446,10887,15555,22579,1889,3986,0,0,0
4/18/2014,29884,22546,52430,7628,2758,10386,10866,15522,22546,1886,3976,0,0,0
4/19/2014,29837,22591,52428,7572,2739,10311,10890,15547,22591,1887,3979,0,0,0
4/20/2014,29970,22621,52591,7647,2761,10408,10911,15579,22621,1889,3983,1,0,0
4/21/2014,30020,22593,52613,7733,2752,10485,10893,15556,22593,1887,3979,0,0,0
4/22/2014,29970,22546,52516,7726,2766,10492,10866,15529,22546,1875,3949,0,0,0
4/23/2014,30005,22610,52615,7729,2785,10514,10893,15555,22610,1873,3936,0,0,0
4/24/2014,29966,22636,52602,7732,2775,10507,10893,15555,22636,1857,3904,0,0,0
4/25/2014,29881,22629,52510,7627,2760,10387,10902,15572,22629,1862,3922,0,0,0
4/26/2014,29944,22639,52583,7641,2778,10419,10912,15595,22639,1866,3930,0,0,0
4/27/2014,30059,22681,52740,7715,2773,10488,10941,15631,22681,1872,3940,0,0,0
4/28/2014,30127,22677,52804,7741,2792,10533,10949,15644,22677,1876,3950,0,0,0
4/29/2014,30169,22638,52807,7811,2799,10610,10922,15616,22638,1873,3943,0,0,0
4/30/2014,30146,22661,52807,7776,2803,10579,10940,15633,22661,1870,3934,0,0,0
5/1/2014,29997,22688,52685,7630,2748,10378,10967,15665,22688,1878,3954,0,0,0
5/2/2014,29850,22686,52536,7476,2735,10211,10970,15676,22686,1883,3963,0,0,0
5/3/2014,29833,22684,52517,7484,2724,10208,10972,15672,22684,1877,3953,0,0,0
5/4/2014,30026,22722,52748,7613,2735,10348,10990,15693,22722,1891,3985,0,0,0
5/5/2014,30097,22742,52839,7627,2755,10382,11001,15722,22742,1895,3993,0,0,0
5/6/2014,30077,22716,52793,7629,2761,10390,10982,15703,22716,1890,3984,0,0,0
5/7/2014,30110,22725,52835,7637,2768,10405,10989,15711,22725,1896,3994,0,0,0
5/8/2014,30163,22756,52919,7649,2763,10412,11009,15746,22756,1902,4005,0,0,0
5/9/2014,30114,22753,52867,7597,2750,10347,11020,15758,22753,1903,4009,0,0,0
5/10/2014,30092,22795,52887,7553,2737,10290,11044,15794,22795,1903,4008,0,0,0
5/11/2014,30187,22843,53030,7597,2732,10329,11072,15832,22843,1912,4026,0,0,0
5/12/2014,30276,22842,53118,7648,2776,10424,11061,15821,22842,1914,4031,0,0,0
5/13/2014,30289,22817,53106,7677,2790,10467,11045,15793,22817,1914,4029,0,0,0
5/14/2014,30334,22861,53195,7676,2806,10482,11067,15825,22861,1914,4027,0,0,0
5/15/2014,30335,22907,53242,7663,2784,10447,11088,15864,22907,1912,4024,0,0,0
5/16/2014,30206,22915,53121,7530,2790,10320,11096,15862,22915,1912,4024,0,0,0
5/17/2014,30241,22957,53198,7545,2774,10319,11113,15887,22957,1918,4035,0,0,0
5/18/2014,30405,22997,53402,7643,2794,10437,11134,15923,22997,1923,4045,0,0,0
5/19/2014,30394,22999,53393,7621,2808,10429,11131,15929,22999,1919,4036,0,0,0
5/20/2014,30362,22977,53339,7612,2801,10413,11123,15917,22977,1917,4032,0,0,0
5/21/2014,30396,23023,53419,7603,2805,10408,11157,15961,23023,1915,4027,0,0,0
5/22/2014,30381,22996,53377,7619,2810,10429,11146,15938,22996,1909,4014,0,0,0
5/23/2014,30318,23012,53330,7552,2805,10357,11147,15945,23012,1912,4016,0,0,0
5/24/2014,30256,22987,53243,7537,2800,10337,11137,15923,22987,1902,3996,0,0,0
5/25/2014,30225,23022,53247,7514,2781,10295,11160,15947,23022,1896,3983,0,0,0
5/26/2014,30251,23014,53265,7543,2790,10333,11154,15945,23014,1892,3973,0,0,0
5/27/2014,30338,23003,53341,7602,2805,10407,11138,15934,23003,1905,3997,0,0,0
5/28/2014,30322,23005,53327,7591,2813,10404,11135,15925,23005,1902,3993,0,0,0
5/29/2014,30328,22982,53310,7629,2805,10434,11129,15913,22982,1896,3981,0,0,0
5/30/2014,30219,22993,53212,7505,2777,10282,11146,15942,22993,1901,3995,0,0,0
5/31/2014,30221,22976,53197,7542,2768,10310,11139,15925,22976,1897,3986,0,0,0
6/1/2014,30360,23023,53383,7602,2790,10392,11169,15963,23023,1906,4005,0,0,0
6/2/2014,30341,23033,53374,7589,2778,10367,11162,15951,23033,1914,4023,0,0,0
6/3/2014,30320,23004,53324,7595,2768,10363,11143,15932,23004,1915,4025,0,0,0
6/4/2014,30308,23012,53320,7570,2778,10348,11144,15934,23012,1913,4026,0,0,0
6/5/2014,30340,23012,53352,7577,2786,10363,11152,15950,23012,1914,4027,0,0,0
6/6/2014,30286,23058,53344,7494,2782,10276,11177,15972,23058,1921,4038,0,0,0
6/7/2014,30250,23086,53336,7446,2787,10233,11175,15975,23086,1923,4042,0,0,0
6/8/2014,30382,23123,53505,7530,2803,10333,11197,16005,23123,1924,4044,0,0,0
6/9/2014,30419,23094,53513,7602,2803,10405,11170,15970,23094,1924,4044,0,0,0
6/10/2014,30406,23075,53481,7606,2816,10422,11164,15965,23075,1913,4019,0,0,0
6/11/2014,30441,23103,53544,7596,2826,10422,11180,15989,23103,1918,4030,0,0,0
6/12/2014,30462,23133,53595,7563,2831,10394,11200,16023,23133,1926,4045,0,0,0
6/13/2014,30407,23179,53586,7508,2809,10317,11223,16048,23179,1925,4042,0,0,0
6/14/2014,30372,23175,53547,7500,2797,10297,11221,16041,23175,1920,4034,0,0,0
6/15/2014,30427,23203,53630,7528,2795,10323,11245,16074,23203,1918,4030,0,0,0
6/16/2014,30529,23225,53754,7601,2816,10417,11250,16077,23225,1920,4035,0,0,0
6/17/2014,30471,23179,53650,7583,2810,10393,11228,16048,23179,1916,4030,0,0,0
6/18/2014,30540,23227,53767,7591,2820,10411,11244,16073,23227,1928,4056,0,0,0
6/19/2014,30583,23252,53835,7592,2833,10425,11260,16105,23252,1926,4053,0,0,0
6/20/2014,30476,23243,53719,7520,2808,10328,11257,16093,23243,1926,4055,0,0,0
6/21/2014,30487,23246,53733,7538,2794,10332,11260,16098,23246,1927,4057,0,0,0
6/22/2014,30605,23289,53894,7605,2813,10418,11288,16139,23289,1923,4048,0,0,0
6/23/2014,30605,23289,53894,7605,2813,10418,11288,16139,23289,1923,4048,0,0,0
6/24/2014,30605,23289,53894,7605,2813,10418,11288,16139,23289,1923,4048,0,0,0
6/25/2014,30605,23289,53894,7605,2813,10418,11288,16139,23289,1923,4048,0,0,0
6/26/2014,30605,23289,53894,7605,2813,10418,11288,16139,23289,1923,4048,0,0,0
6/27/2014,30509,23227,53736,7516,2820,10336,11247,16110,23227,1930,4063,0,0,0
6/28/2014,30518,23286,53804,7504,2809,10313,11288,16160,23286,1922,4045,0,0,0
6/29/2014,30643,23343,53986,7567,2827,10394,11312,16194,23343,1927,4055,0,0,0
6/30/2014,30605,23323,53928,7559,2829,10388,11292,16169,23323,1924,4048,0,0,0
7/1/2014,30481,23261,53742,7514,2824,10338,11256,16113,23261,1916,4030,0,0,0
7/2/2014,30429,23206,53635,7530,2812,10342,11230,16069,23206,1910,4018,0,0,0
7/3/2014,30434,23224,53658,7485,2796,10281,11253,16112,23224,1920,4041,0,0,0
7/4/2014,30385,23223,53608,7454,2786,10240,11248,16106,23223,1919,4039,0,0,0
7/5/2014,30440,23277,53717,7463,2774,10237,11277,16141,23277,1930,4062,0,0,0
7/6/2014,30581,23311,53892,7561,2805,10366,11290,16164,23311,1925,4051,0,0,0
7/7/2014,30621,23306,53927,7601,2806,10407,11280,16164,23306,1924,4050,0,0,0
7/8/2014,30663,23305,53968,7622,2829,10451,11277,16162,23305,1924,4050,0,0,0
7/9/2014,30722,23369,54091,7606,2836,10442,11318,16210,23369,1933,4070,0,0,0
7/10/2014,30701,23401,54102,7575,2841,10416,11338,16234,23401,1925,4051,0,0,0
7/11/2014,30710,23435,54145,7551,2828,10379,11350,16258,23435,1934,4073,0,0,0
7/12/2014,30682,23443,54125,7505,2826,10331,11353,16259,23443,1943,4092,0,0,0
7/13/2014,30886,23509,54395,7622,2856,10478,11387,16308,23509,1947,4100,0,0,0
7/14/2014,30930,23487,54417,7657,2880,10537,11365,16288,23487,1949,4105,0,0,0
7/15/2014,30953,23486,54439,7681,2894,10575,11358,16281,23486,1944,4097,0,0,0
7/16/2014,30945,23459,54404,7683,2882,10565,11356,16273,23459,1949,4107,0,0,0
7/17/2014,30953,23474,54427,7644,2893,10537,11376,16299,23474,1954,4117,0,0,0
7/18/2014,30887,23487,54374,7587,2870,10457,11383,16310,23487,1956,4120,0,0,0
7/19/2014,30930,23491,54421,7603,2872,10475,11386,16317,23491,1965,4138,0,0,0
7/20/2014,31066,23536,54602,7682,2887,10569,11414,16352,23536,1968,4145,0,0,0
7/21/2014,31082,23499,54581,7675,2924,10599,11401,16341,23499,1967,4142,0,0,0
7/22/2014,31029,23392,54421,7682,2906,10588,11355,16285,23392,1976,4156,0,0,0
7/23/2014,31122,23483,54605,7705,2919,10624,11395,16339,23483,1976,4159,0,0,0
7/24/2014,31150,23556,54706,7700,2914,10614,11430,16376,23556,1978,4160,0,0,0
7/25/2014,31059,23543,54602,7615,2902,10517,11431,16371,23543,1984,4171,0,0,0
7/26/2014,30996,23558,54554,7563,2896,10459,11431,16370,23555,1982,4170,0,0,0
7/27/2014,31160,23623,54783,7655,2903,10558,11465,16430,23623,1984,4172,0,0,0
7/28/2014,31215,23645,54860,7676,2929,10605,11465,16433,23642,1985,4177,0,0,0
7/29/2014,31156,23607,54763,7664,2936,10600,11444,16420,23604,1967,4139,0,0,0
7/30/2014,31158,23601,54759,7655,2933,10588,11436,16417,23601,1974,4153,0,0,0
7/31/2014,31093,23649,54742,7592,2927,10519,11443,16425,23646,1971,4152,0,0,0
8/1/2014,30850,23617,54467,7436,2883,10319,11423,16385,23617,1969,4146,0,0,0
8/2/2014,30878,23593,54471,7462,2896,10358,11412,16366,23593,1974,4154,0,0,0
8/3/2014,31055,23657,54712,7559,2923,10482,11438,16395,23657,1985,4178,0,0,0
8/4/2014,31112,23653,54765,7569,2925,10494,11447,16408,23653,2002,4210,0,0,0
8/5/2014,31090,23555,54645,7599,2932,10531,11406,16355,23555,1999,4204,0,0,0
8/6/2014,31126,23585,54711,7599,2940,10539,11414,16373,23585,2004,4214,0,0,0
8/7/2014,31129,23608,54737,7607,2937,10544,11417,16384,23608,1997,4201,0,0,0
8/8/2014,31084,23642,54726,7539,2929,10468,11441,16412,23642,1999,4204,0,0,0
8/9/2014,30994,23654,54648,7482,2936,10418,11439,16405,23654,1984,4171,0,0,0
8/10/2014,31191,23754,54945,7591,2949,10540,11494,16480,23754,1984,4171,0,0,0
8/11/2014,31209,23646,54855,7628,2970,10598,11434,16417,23646,1995,4194,0,0,0
8/12/2014,31216,23635,54851,7662,2958,10620,11423,16402,23635,1995,4194,0,0,0
8/13/2014,31212,23589,54801,7659,2972,10631,11416,16379,23589,2000,4202,0,0,0
8/14/2014,31213,23580,54793,7648,2964,10612,11411,16380,23580,2010,4221,0,0,0
8/15/2014,31131,23599,54730,7578,2944,10522,11415,16378,23599,2014,4231,0,0,0
8/16/2014,31039,23578,54617,7523,2940,10463,11415,16373,23578,2000,4203,0,0,0
8/17/2014,31192,23638,54830,7600,2954,10554,11445,16419,23638,2008,4219,0,0,0
8/18/2014,31249,23625,54874,7657,2969,10626,11440,16420,23625,2000,4203,0,0,0
8/19/2014,31264,23625,54889,7672,2967,10639,11431,16413,23625,2004,4212,0,0,0
8/20/2014,31285,23635,54920,7667,2974,10641,11438,16412,23635,2015,4232,0,0,0
8/21/2014,31291,23673,54964,7642,2969,10611,11452,16445,23673,2016,4235,0,0,0
8/22/2014,31248,23696,54944,7598,2962,10560,11461,16448,23696,2017,4240,0,0,0
8/23/2014,31245,23685,54930,7587,2974,10561,11453,16440,23685,2020,4244,0,0,0
8/24/2014,31362,23735,55097,7648,2988,10636,11483,16473,23735,2025,4253,0,0,0
8/25/2014,31366,23710,55076,7674,2993,10667,11459,16449,23710,2023,4250,0,0,0
8/26/2014,31312,23667,54979,7691,3004,10695,11422,16390,23667,2011,4227,0,0,0
8/27/2014,31321,23704,55025,7685,2984,10669,11440,16418,23704,2014,4234,0,0,0
8/28/2014,31302,23734,55036,7643,2993,10636,11452,16435,23734,2013,4231,0,0,0
8/29/2014,31142,23731,54873,7533,2957,10490,11450,16418,23731,2015,4234,0,0,0
8/30/2014,31170,23759,54929,7557,2945,10502,11467,16438,23759,2014,4230,0,0,0
8/31/2014,31254,23775,55029,7601,2944,10545,11477,16457,23775,2025,4252,0,0,0
9/1/2014,31359,23815,55174,7636,2969,10605,11496,16491,23815,2030,4263,0,0,0
9/2/2014,31394,23827,55221,7652,2985,10637,11485,16473,23827,2038,4284,0,0,0
9/3/2014,31289,23761,55050,7635,2972,10607,11439,16408,23761,2031,4274,0,0,0
9/4/2014,31360,23862,55222,7657,2989,10646,11475,16458,23862,2023,4256,0,0,0
9/5/2014,31311,23911,55222,7596,2972,10568,11493,16484,23911,2023,4259,0,0,0
9/6/2014,31395,23947,55342,7646,2968,10614,11517,16525,23947,2023,4256,0,0,0
9/7/2014,31513,23985,55498,7701,2985,10686,11547,16564,23985,2027,4263,0,0,0
9/8/2014,31619,23997,55616,7739,3003,10742,11539,16568,23997,2050,4309,0,0,0
9/9/2014,31620,23932,55552,7753,3014,10767,11521,16536,23932,2054,4317,0,0,0
9/10/2014,31670,24058,55728,7708,3023,10731,11571,16613,24058,2058,4326,0,0,0
9/11/2014,31661,24066,55727,7709,3023,10732,11575,16615,24066,2052,4314,0,0,0
9/12/2014,31644,24124,55768,7675,3007,10682,11599,16650,24124,2052,4312,0,0,0
9/13/2014,31666,24118,55784,7678,3002,10680,11613,16658,24118,2059,4328,0,0,0
9/14/2014,31873,24209,56082,7779,3018,10797,11655,16721,24209,2072,4355,0,0,0
9/15/2014,31832,24182,56014,7769,3021,10790,11626,16685,24182,2073,4357,0,0,0
9/16/2014,31872,24162,56034,7790,3032,10822,11627,16690,24162,2075,4360,0,0,0
9/17/2014,31899,24118,56017,7815,3025,10840,11615,16679,24118,2084,4380,0,0,0
9/18/2014,31925,24187,56112,7764,3034,10798,11654,16733,24187,2091,4394,0,0,0
9/19/2014,31929,24216,56145,7768,3035,10803,11667,16739,24216,2088,4387,0,0,0
9/20/2014,31913,24195,56108,7763,3022,10785,11660,16735,24195,2089,4393,0,0,0
9/21/2014,32031,24257,56288,7816,3033,10849,11688,16770,24257,2099,4412,0,0,0
9/22/2014,32066,24282,56348,7818,3045,10863,11698,16788,24282,2100,4415,0,0,0
9/23/2014,32005,24214,56219,7807,3048,10855,11669,16746,24214,2095,4404,0,0,0
9/24/2014,32048,24237,56285,7841,3061,10902,11675,16752,24237,2091,4394,0,0,0
9/25/2014,31970,24250,56220,7801,3036,10837,11686,16762,24250,2080,4371,0,0,0
9/26/2014,31869,24274,56143,7696,3018,10714,11700,16772,24274,2087,4383,0,0,0
9/27/2014,31923,24267,56190,7739,3016,10755,11710,16784,24267,2088,4384,0,0,0
9/28/2014,32063,24310,56373,7800,3047,10847,11738,16822,24310,2092,4394,0,0,0
9/29/2014,32063,24310,56373,7800,3047,10847,11738,16822,24310,2092,4394,0,0,0
9/30/2014,32063,24310,56373,7800,3047,10847,11738,16822,24310,2092,4394,0,0,0
10/1/2014,32063,24310,56373,7800,3047,10847,11738,16822,24310,2092,4394,0,0,0
10/2/2014,32063,24310,56373,7800,3047,10847,11738,16822,24310,2092,4394,0,0,0
10/3/2014,31948,24326,56274,7724,3018,10742,11742,16837,24326,2079,4369,0,0,0
10/4/2014,31984,24345,56329,7740,3023,10763,11747,16848,24345,2081,4373,0,0,0
10/5/2014,32216,24460,56676,7855,3047,10902,11807,16930,24460,2087,4384,0,0,0
10/6/2014,32216,24460,56676,7855,3047,10902,11807,16930,24460,2087,4384,0,0,0
10/7/2014,32216,24460,56676,7855,3047,10902,11807,16930,24460,2087,4384,0,0,0
10/8/2014,32216,24460,56676,7855,3047,10902,11807,16930,24460,2087,4384,0,0,0
10/9/2014,32216,24460,56676,7855,3047,10902,11807,16930,24460,2087,4384,0,0,0
10/10/2014,32186,24515,56701,7764,3053,10817,11823,16960,24515,2099,4409,0,0,0
10/11/2014,32236,24513,56749,7824,3041,10865,11821,16957,24513,2101,4414,0,0,0
10/12/2014,32351,24583,56934,7871,3064,10935,11856,16989,24583,2107,4427,0,0,0
10/13/2014,32351,24583,56934,7871,3064,10935,11856,16989,24583,2107,4427,0,0,0
10/14/2014,32351,24583,56934,7871,3064,10935,11856,16989,24583,2107,4427,0,0,0
10/15/2014,32434,24626,57060,7921,3074,10995,11866,17007,24626,2110,4432,0,0,0
10/16/2014,32389,24603,56992,7877,3081,10958,11861,16989,24603,2113,4442,0,0,0
10/17/2014,32344,24649,56993,7825,3051,10876,11884,17021,24649,2116,4447,0,0,0
10/18/2014,32402,24713,57115,7828,3058,10886,11923,17074,24713,2114,4442,0,0,0
10/19/2014,32567,24761,57328,7928,3081,11009,11943,17103,24761,2120,4455,0,0,0
10/20/2014,32580,24763,57343,7941,3084,11025,11938,17100,24763,2120,4455,0,0,0
10/21/2014,32568,24755,57323,7953,3091,11044,11925,17087,24755,2111,4437,0,0,0
10/22/2014,32630,24760,57390,8014,3100,11114,11933,17086,24760,2109,4430,0,0,0
10/23/2014,32649,24783,57432,7993,3121,11114,11948,17115,24783,2101,4420,0,0,0
10/24/2014,32549,24815,57364,7892,3094,10986,11962,17125,24815,2110,4438,0,0,0
10/25/2014,32516,24827,57343,7878,3090,10968,11969,17131,24827,2098,4417,0,0,0
10/26/2014,32677,24871,57548,7974,3114,11088,12000,17163,24871,2102,4426,0,0,0
10/27/2014,32651,24839,57490,7940,3123,11063,11986,17152,24839,2106,4436,0,0,0
10/28/2014,32658,24822,57480,7948,3138,11086,11966,17140,24822,2104,4432,0,0,0
10/29/2014,32672,24868,57540,7958,3124,11082,11992,17166,24868,2100,4424,0,0,0
10/30/2014,32662,24924,57586,7917,3119,11036,12013,17192,24924,2102,4434,0,0,0
10/31/2014,32584,24946,57530,7852,3080,10932,12031,17213,24946,2105,4439,0,0,0
11/1/2014,32623,24928,57551,7886,3096,10982,12024,17203,24928,2104,4438,0,0,0
11/2/2014,32713,24932,57645,7961,3110,11071,12024,17214,24932,2099,4428,0,0,0
11/3/2014,32740,24925,57665,7976,3099,11075,12027,17221,24925,2107,4444,0,0,0
11/4/2014,32793,24936,57729,7975,3101,11076,12055,17256,24936,2115,4461,0,0,0
11/5/2014,32749,24897,57646,7963,3104,11067,12031,17235,24897,2108,4447,0,0,0
11/6/2014,32741,24907,57648,7939,3106,11045,12051,17242,24907,2111,4454,0,0,0
11/7/2014,32730,24946,57676,7932,3092,11024,12048,17233,24946,2119,4473,0,0,0
11/8/2014,32813,25065,57878,7926,3080,11006,12105,17314,25065,2129,4493,0,0,0
11/9/2014,32967,25087,58054,7986,3123,11109,12126,17343,25087,2139,4515,0,0,0
11/10/2014,32958,25074,58032,7999,3121,11120,12108,17327,25074,2138,4511,0,0,0
11/11/2014,32973,25087,58060,8005,3122,11127,12112,17341,25087,2135,4505,0,0,0
11/12/2014,33030,25113,58143,8000,3138,11138,12135,17374,25113,2140,4518,0,0,0
11/13/2014,33058,25116,58174,8050,3136,11186,12135,17378,25116,2129,4494,0,0,0
11/14/2014,33003,25136,58139,7994,3121,11115,12145,17395,25136,2129,4493,0,0,0
11/15/2014,33069,25189,58258,8017,3130,11147,12172,17433,25189,2127,4489,0,0,0
11/16/2014,33137,25189,58326,8061,3140,11201,12179,17443,25189,2130,4493,0,0,0
11/17/2014,33189,25162,58351,8072,3171,11243,12171,17436,25162,2138,4510,0,0,0
11/18/2014,33201,25153,58354,8100,3177,11277,12166,17422,25153,2134,4502,0,0,0
11/19/2014,33296,25181,58477,8123,3182,11305,12190,17452,25181,2153,4539,0,0,0
11/20/2014,33313,25249,58562,8110,3184,11294,12228,17501,25249,2144,4518,0,0,0
11/21/2014,33273,25259,58532,8061,3195,11256,12241,17524,25259,2133,4493,0,0,0
11/22/2014,33262,25229,58491,8042,3191,11233,12252,17532,25229,2134,4497,0,0,0
11/23/2014,33241,25228,58469,8067,3187,11254,12247,17523,25228,2117,4464,0,0,0
11/24/2014,33264,25240,58504,8072,3180,11252,12248,17535,25240,2124,4477,0,0,0
11/25/2014,33275,25250,58525,8108,3157,11265,12250,17535,25250,2123,4475,0,0,0
11/26/2014,33256,25237,58493,8096,3154,11250,12242,17518,25237,2129,4488,0,0,0
11/27/2014,33191,25266,58457,8001,3139,11140,12254,17530,25266,2144,4521,0,1,0
11/28/2014,33251,25284,58535,8055,3142,11197,12266,17548,25284,2136,4506,0,0,0
11/29/2014,33263,25258,58521,8062,3156,11218,12247,17521,25258,2145,4524,0,0,0
11/30/2014,33302,25253,58555,8095,3171,11266,12243,17522,25253,2140,4514,0,0,0
12/1/2014,33274,25210,58484,8098,3164,11262,12216,17496,25210,2142,4516,0,0,0
12/2/2014,33293,25213,58506,8108,3184,11292,12219,17497,25213,2136,4504,0,0,0
12/3/2014,33364,25288,58652,8128,3174,11302,12252,17550,25288,2141,4512,0,0,0
12/4/2014,33383,25358,58741,8121,3174,11295,12279,17587,25358,2138,4501,0,0,0
12/5/2014,33348,25358,58706,8078,3162,11240,12290,17607,25358,2137,4501,0,0,0
12/6/2014,33359,25341,58700,8086,3162,11248,12284,17594,25341,2145,4517,0,0,0
12/7/2014,33457,25396,58853,8139,3169,11308,12313,17633,25396,2144,4516,0,0,0
12/8/2014,33508,25390,58898,8156,3187,11343,12313,17639,25390,2149,4526,0,0,0
12/9/2014,33534,25405,58939,8159,3190,11349,12332,17657,25405,2149,4528,0,0,0
12/10/2014,33514,25431,58945,8142,3192,11334,12339,17658,25431,2146,4522,0,0,0
12/11/2014,33518,25441,58959,8139,3186,11325,12339,17663,25441,2152,4530,0,0,0
12/12/2014,33452,25463,58915,8083,3161,11244,12350,17690,25463,2145,4518,0,0,0
12/13/2014,33407,25463,58870,8064,3165,11229,12351,17694,25463,2129,4484,0,0,0
12/14/2014,33529,25490,59019,8143,3181,11324,12368,17718,25490,2130,4487,0,0,0
12/15/2014,33590,25442,59032,8207,3185,11392,12345,17696,25442,2137,4502,0,0,0
12/16/2014,33550,25409,58959,8200,3195,11395,12320,17674,25409,2126,4481,0,0,0
12/17/2014,33599,25469,59068,8218,3172,11390,12349,17722,25469,2129,4487,0,0,0
12/18/2014,33603,25447,59050,8212,3181,11393,12353,17733,25447,2124,4477,0,0,0
12/19/2014,33512,25417,58929,8183,3152,11335,12341,17704,25417,2123,4473,0,0,0
12/20/2014,33455,25365,58820,8155,3141,11296,12322,17676,25365,2128,4483,0,0,0
12/21/2014,33561,25383,58944,8209,3157,11366,12333,17695,25383,2136,4500,0,0,0
12/22/2014,33537,25376,58913,8204,3153,11357,12316,17680,25376,2135,4500,0,0,0
12/23/2014,33436,25300,58736,8180,3138,11318,12283,17637,25300,2125,4481,0,0,0
12/24/2014,33260,25239,58499,8090,3108,11198,12245,17590,25239,2122,4472,0,0,0
12/25/2014,33314,25235,58549,8125,3123,11248,12243,17589,25235,2124,4477,0,0,1
12/26/2014,33353,25233,58586,8147,3123,11270,12248,17597,25233,2130,4486,0,0,0
12/27/2014,33311,25193,58504,8139,3117,11256,12229,17574,25193,2127,4481,0,0,0
12/28/2014,33354,25162,58516,8190,3132,11322,12216,17559,25162,2123,4473,0,0,0
12/29/2014,33403,25138,58541,8235,3164,11399,12191,17526,25138,2124,4478,0,0,0
12/30/2014,33262,25048,58310,8184,3134,11318,12146,17472,25048,2123,4472,0,0,0
12/31/2014,32937,25004,57941,7936,3064,11000,12137,17457,25004,2128,4480,0,0,0
1/1/2015,33161,24981,58142,8143,3096,11239,12134,17443,24981,2127,4479,0,0,0
1/2/2015,33162,25018,58180,8136,3100,11236,12148,17469,25018,2116,4457,0,0,0
1/3/2015,33161,25011,58172,8148,3099,11247,12135,17454,25011,2118,4460,0,0,0
1/4/2015,33303,25027,58330,8218,3142,11360,12149,17469,25027,2124,4474,0,0,0
1/5/2015,33354,25015,58369,8237,3168,11405,12135,17459,25015,2132,4490,0,0,0
1/6/2015,33374,24978,58352,8276,3175,11451,12120,17433,24978,2132,4490,0,0,0
1/7/2015,33464,25010,58474,8304,3170,11474,12145,17473,25010,2145,4517,0,0,0
1/8/2015,33517,25034,58551,8288,3185,11473,12173,17511,25034,2153,4533,0,0,0
1/9/2015,33415,25013,58428,8202,3164,11366,12162,17493,25013,2163,4556,0,0,0
1/10/2015,33484,25003,58487,8259,3165,11424,12158,17493,25003,2169,4567,0,0,0
1/11/2015,33569,25014,58583,8312,3177,11489,12166,17510,25014,2170,4570,0,0,0
1/12/2015,33609,25034,58643,8332,3181,11513,12175,17525,25034,2171,4571,0,0,0
1/13/2015,33615,25013,58628,8360,3188,11548,12161,17492,25013,2171,4575,0,0,0
1/14/2015,33636,25004,58640,8360,3188,11548,12167,17506,25004,2174,4582,0,0,0
1/15/2015,33646,25021,58667,8356,3182,11538,12168,17511,25021,2181,4597,0,0,0
1/16/2015,33621,25003,58624,8356,3180,11536,12163,17507,25003,2172,4578,0,0,0
1/17/2015,33538,24982,58520,8332,3149,11481,12151,17491,24982,2166,4566,0,0,0
1/18/2015,33630,25014,58644,8378,3152,11530,12179,17529,25014,2167,4571,0,0,0
1/19/2015,33687,25004,58691,8408,3173,11581,12179,17533,25004,2168,4573,0,0,0
1/20/2015,33716,24998,58714,8458,3171,11629,12163,17507,24998,2171,4580,0,0,0
1/21/2015,33686,24959,58645,8449,3189,11638,12141,17473,24959,2169,4575,0,0,0
1/22/2015,33711,24944,58655,8478,3188,11666,12143,17473,24944,2168,4572,0,0,0
1/23/2015,33611,24934,58545,8425,3158,11583,12141,17466,24934,2165,4562,0,0,0
1/24/2015,33595,24877,58472,8428,3168,11596,12122,17435,24877,2166,4564,0,0,0
1/25/2015,33708,24919,58627,8478,3189,11667,12141,17465,24919,2172,4576,0,0,0
1/26/2015,33712,24890,58602,8525,3190,11715,12120,17442,24890,2162,4555,0,0,0
1/27/2015,33781,24951,58732,8538,3189,11727,12151,17486,24951,2169,4568,0,0,0
1/28/2015,33774,24949,58723,8541,3186,11727,12138,17473,24949,2173,4574,0,0,0
1/29/2015,33699,24915,58614,8518,3195,11713,12118,17437,24915,2162,4549,0,0,0
1/30/2015,33602,24904,58506,8440,3159,11599,12114,17439,24904,2169,4564,0,0,0
1/31/2015,33569,24844,58413,8459,3154,11613,12084,17406,24844,2163,4550,0,0,0
2/1/2015,33639,24840,58479,8476,3178,11654,12088,17417,24840,2172,4568,0,0,0
2/2/2015,33752,24835,58587,8535,3186,11721,12088,17433,24835,2187,4598,0,0,0
2/3/2015,33666,24819,58485,8504,3187,11691,12082,17418,24819,2167,4557,0,0,0
2/4/2015,33666,24819,58485,8504,3187,11691,12082,17418,24819,2167,4557,0,0,0
2/5/2015,33630,24720,58350,8526,3177,11703,12034,17364,24720,2171,4563,0,0,0
2/6/2015,33621,24725,58346,8512,3166,11678,12036,17369,24725,2176,4574,0,0,0
2/7/2015,33542,24720,58262,8455,3163,11618,12032,17366,24720,2167,4558,0,0,0
2/8/2015,33690,24739,58429,8562,3174,11736,12045,17384,24739,2173,4570,0,0,0
2/9/2015,33690,24739,58429,8562,3174,11736,12045,17384,24739,2173,4570,0,0,0
2/10/2015,33662,24667,58329,8581,3190,11771,12001,17332,24667,2166,4559,0,0,0
2/11/2015,33668,24620,58288,8588,3187,11775,11991,17317,24620,2174,4576,0,0,0
2/12/2015,33679,24588,58267,8618,3191,11809,11972,17305,24588,2169,4565,0,0,0
2/13/2015,33657,24573,58230,8589,3184,11773,11973,17308,24573,2174,4576,0,0,0
2/14/2015,33552,24537,58089,8522,3152,11674,11967,17298,24537,2176,4580,0,0,0
2/15/2015,33662,24548,58210,8603,3168,11771,11970,17301,24548,2181,4590,0,0,0
2/16/2015,33740,24552,58292,8638,3185,11823,11982,17311,24552,2189,4606,0,0,0
2/17/2015,33770,24574,58344,8648,3199,11847,11992,17325,24574,2184,4598,0,0,0
2/18/2015,33760,24524,58284,8672,3214,11886,11958,17275,24524,2184,4599,0,0,0
2/19/2015,33732,24537,58269,8651,3211,11862,11960,17278,24537,2181,4592,0,0,0
2/20/2015,33692,24519,58211,8657,3194,11851,11959,17256,24519,2178,4585,0,0,0
2/21/2015,33594,24510,58104,8605,3171,11776,11955,17258,24510,2165,4560,0,0,0
2/22/2015,33652,24504,58156,8643,3192,11835,11953,17257,24504,2166,4560,0,0,0
2/23/2015,33656,24486,58142,8678,3197,11875,11929,17216,24486,2168,4565,0,0,0
2/24/2015,33638,24435,58073,8692,3204,11896,11902,17169,24435,2172,4573,0,0,0
2/25/2015,33645,24438,58083,8695,3209,11904,11900,17178,24438,2167,4563,0,0,0
2/26/2015,33561,24414,57975,8641,3209,11850,11897,17174,24414,2153,4537,0,0,0
2/27/2015,33506,24421,57927,8590,3179,11769,11910,17186,24421,2160,4551,0,0,0
2/28/2015,33497,24342,57839,8631,3162,11793,11892,17161,24342,2156,4543,0,0,0
3/1/2015,33591,24370,57961,8665,3187,11852,11911,17184,24370,2164,4555,0,0,0
3/2/2015,33602,24361,57963,8656,3194,11850,11900,17186,24361,2168,4566,0,0,0
3/3/2015,33526,24293,57819,8657,3203,11860,11856,17121,24293,2159,4545,0,0,0
3/4/2015,33579,24330,57909,8682,3200,11882,11882,17148,24330,2160,4549,0,0,0
3/5/2015,33561,24311,57872,8664,3197,11861,11869,17148,24311,2163,4552,0,0,0
3/6/2015,33549,24317,57866,8624,3191,11815,11881,17169,24317,2169,4565,0,0,0
3/7/2015,33558,24353,57911,8612,3179,11791,11903,17195,24353,2172,4572,0,0,0
3/8/2015,33600,24369,57969,8654,3185,11839,11906,17199,24369,2167,4562,0,0,0
3/9/2015,33620,24407,58027,8624,3202,11826,11923,17226,24407,2171,4568,0,0,0
3/10/2015,33510,24273,57783,8661,3207,11868,11856,17116,24273,2150,4526,0,0,0
3/11/2015,33535,24286,57821,8640,3188,11828,11879,17154,24286,2163,4553,0,0,0
3/12/2015,33500,24275,57775,8612,3197,11809,11874,17146,24275,2160,4545,0,0,0
3/13/2015,33500,24275,57775,8612,3197,11809,11874,17146,24275,2160,4545,0,0,0
3/14/2015,33500,24275,57775,8612,3197,11809,11874,17146,24275,2160,4545,0,0,0
3/15/2015,33500,24275,57775,8612,3197,11809,11874,17146,24275,2160,4545,0,0,0
3/16/2015,33562,24195,57757,8678,3206,11884,11865,17141,24195,2156,4537,0,0,0
3/17/2015,33544,24174,57718,8666,3210,11876,11853,17123,24174,2158,4545,0,0,0
3/18/2015,33568,24152,57720,8699,3209,11908,11850,17108,24152,2162,4552,0,0,0
3/19/2015,33515,24140,57655,8650,3207,11857,11842,17092,24140,2169,4566,0,0,0
3/20/2015,33508,24116,57624,8634,3207,11841,11835,17089,24116,2174,4578,0,0,0
3/21/2015,33436,24092,57528,8590,3189,11779,11829,17084,24092,2172,4573,0,0,0
3/22/2015,33563,24112,57675,8678,3206,11884,11845,17108,24112,2170,4571,0,0,0
3/23/2015,33551,24071,57622,8687,3221,11908,11814,17067,24071,2173,4576,0,0,0
3/24/2015,33520,24016,57536,8688,3227,11915,11801,17038,24016,2170,4567,0,0,0
3/25/2015,33554,24003,57557,8704,3237,11941,11805,17039,24003,2174,4574,0,0,0
3/26/2015,33437,23968,57405,8672,3179,11851,11782,17017,23968,2172,4569,0,0,0
3/27/2015,33384,23919,57303,8621,3223,11844,11762,16982,23919,2167,4558,0,0,0
3/28/2015,33320,23871,57191,8601,3213,11814,11745,16949,23871,2168,4557,0,0,0
3/29/2015,33427,23903,57330,8661,3229,11890,11764,16969,23903,2174,4568,0,0,0
3/30/2015,33428,23905,57333,8672,3221,11893,11762,16973,23905,2171,4562,0,0,0
3/31/2015,33339,23827,57166,8642,3211,11853,11743,16937,23827,2164,4549,0,0,0
4/1/2015,33265,23824,57089,8600,3169,11769,11749,16932,23824,2172,4564,0,0,0
4/2/2015,33227,23820,57047,8542,3189,11731,11756,16935,23820,2170,4561,0,0,0
4/3/2015,33183,23818,57001,8505,3194,11699,11752,16923,23818,2170,4561,0,0,0
4/4/2015,33236,23798,57034,8567,3188,11755,11749,16909,23798,2174,4572,0,0,0
4/5/2015,33338,23843,57181,8628,3193,11821,11777,16954,23843,2170,4563,1,0,0
4/6/2015,33331,23816,57147,8642,3195,11837,11766,16947,23816,2163,4547,0,0,0
4/7/2015,33302,23723,57025,8675,3202,11877,11724,16879,23723,2163,4546,0,0,0
4/8/2015,33378,23747,57125,8709,3217,11926,11738,16896,23747,2167,4556,0,0,0
4/9/2015,33389,23812,57201,8699,3210,11909,11776,16944,23812,2158,4536,0,0,0
4/10/2015,33267,23747,57014,8643,3190,11833,11765,16914,23747,2150,4520,0,0,0
4/11/2015,33221,23733,56954,8618,3195,11813,11758,16908,23733,2141,4500,0,0,0
4/12/2015,33348,23800,57148,8678,3217,11895,11787,16953,23800,2141,4500,0,0,0
4/13/2015,33349,23776,57125,8708,3229,11937,11766,16922,23776,2137,4490,0,0,0
4/14/2015,33410,23824,57234,8698,3235,11933,11789,16960,23824,2149,4517,0,0,0
4/15/2015,33412,23799,57211,8686,3237,11923,11781,16959,23799,2155,4530,0,0,0
4/16/2015,33321,23777,57098,8661,3239,11900,11767,16929,23777,2139,4492,0,0,0
4/17/2015,33200,23711,56911,8584,3220,11804,11745,16892,23711,2146,4504,0,0,0
4/18/2015,33072,23655,56727,8537,3191,11728,11728,16861,23655,2137,4483,0,0,0
4/19/2015,33225,23686,56911,8658,3203,11861,11745,16877,23686,2139,4487,0,0,0
4/20/2015,33225,23686,56911,8658,3203,11861,11745,16877,23686,2139,4487,0,0,0
4/21/2015,33291,23681,56972,8681,3224,11905,11737,16883,23681,2146,4503,0,0,0
4/22/2015,33283,23597,56880,8697,3239,11936,11716,16843,23597,2146,4504,0,0,0
4/23/2015,33300,23621,56921,8679,3249,11928,11736,16864,23621,2147,4508,0,0,0
4/24/2015,33222,23602,56824,8628,3222,11850,11728,16867,23602,2146,4505,0,0,0
4/25/2015,33183,23613,56796,8581,3230,11811,11732,16875,23613,2142,4497,0,0,0
4/26/2015,33257,23650,56907,8635,3235,11870,11749,16900,23650,2137,4487,0,0,0
4/27/2015,33259,23617,56876,8645,3262,11907,11730,16876,23617,2131,4476,0,0,0
4/28/2015,33239,23608,56847,8627,3257,11884,11729,16873,23608,2134,4482,0,0,0
4/29/2015,33240,23614,56854,8643,3261,11904,11735,16873,23614,2125,4463,0,0,0
4/30/2015,33201,23609,56810,8621,3234,11855,11733,16877,23609,2127,4469,0,0,0
5/1/2015,32959,23596,56555,8429,3200,11629,11737,16863,23596,2126,4467,0,0,0
5/2/2015,32866,23561,56427,8371,3197,11568,11712,16825,23561,2128,4473,0,0,0
5/3/2015,33075,23595,56670,8546,3215,11761,11729,16843,23595,2126,4471,0,0,0
5/4/2015,33095,23545,56640,8561,3221,11782,11702,16815,23545,2139,4498,0,0,0
5/5/2015,33080,23522,56602,8567,3207,11774,11689,16800,23522,2142,4506,0,0,0
5/6/2015,33190,23565,56755,8612,3231,11843,11705,16825,23565,2151,4522,0,0,0
5/7/2015,33175,23593,56768,8579,3225,11804,11735,16869,23593,2141,4502,0,0,0
5/8/2015,33106,23595,56701,8520,3201,11721,11743,16877,23595,2145,4508,0,0,0
5/9/2015,33093,23538,56631,8540,3206,11746,11715,16837,23538,2145,4510,0,0,0
5/10/2015,33124,23546,56670,8555,3209,11764,11714,16844,23546,2148,4516,0,0,0
5/11/2015,33191,23532,56723,8606,3230,11836,11704,16833,23532,2152,4522,0,0,0
5/12/2015,33114,23469,56583,8587,3242,11829,11680,16777,23469,2147,4508,0,0,0
5/13/2015,33215,23499,56714,8638,3243,11881,11714,16824,23499,2149,4510,0,0,0
5/14/2015,33210,23524,56734,8622,3238,11860,11731,16849,23524,2143,4501,0,0,0
5/15/2015,33210,23524,56734,8622,3238,11860,11731,16849,23524,2143,4501,0,0,0
5/16/2015,33210,23524,56734,8622,3238,11860,11731,16849,23524,2143,4501,0,0,0
5/17/2015,33210,23524,56734,8622,3238,11860,11731,16849,23524,2143,4501,0,0,0
5/18/2015,33261,23468,56729,8643,3256,11899,11725,16849,23468,2148,4513,0,0,0
5/19/2015,33188,23467,56655,8601,3249,11850,11713,16833,23467,2145,4505,0,0,0
5/20/2015,33310,23499,56809,8658,3251,11909,11739,16872,23499,2157,4529,0,0,0
5/21/2015,33323,23517,56840,8672,3254,11926,11755,16884,23517,2149,4513,0,0,0
5/22/2015,33190,23461,56651,8584,3226,11810,11731,16842,23461,2160,4538,0,0,0
5/23/2015,33198,23482,56680,8590,3218,11808,11743,16858,23482,2157,4532,0,0,0
5/24/2015,33198,23482,56680,8590,3218,11808,11743,16858,23482,2157,4532,0,0,0
5/25/2015,33189,23433,56622,8630,3205,11835,11727,16826,23433,2155,4528,0,0,0
5/26/2015,33203,23408,56611,8647,3228,11875,11712,16808,23408,2152,4520,0,0,0
5/27/2015,33202,23337,56539,8681,3239,11920,11683,16763,23337,2151,4519,0,0,0
5/28/2015,33196,23331,56527,8681,3250,11931,11689,16766,23331,2141,4499,0,0,0
5/29/2015,33122,23365,56487,8598,3237,11835,11711,16783,23365,2144,4504,0,0,0
5/30/2015,33038,23314,56352,8538,3222,11760,11697,16767,23314,2149,4511,0,0,0
5/31/2015,33123,23317,56440,8618,3227,11845,11698,16761,23317,2152,4517,0,0,0
6/1/2015,33213,23349,56562,8671,3252,11923,11703,16778,23349,2149,4512,0,0,0
6/2/2015,33169,23279,56448,8681,3246,11927,11673,16735,23279,2147,4507,0,0,0
6/3/2015,33202,23304,56506,8680,3250,11930,11694,16760,23304,2149,4512,0,0,0
6/4/2015,33171,23325,56496,8625,3251,11876,11715,16779,23325,2149,4516,0,0,0
6/5/2015,33124,23286,56410,8627,3241,11868,11702,16749,23286,2144,4507,0,0,0
6/6/2015,33065,23290,56355,8566,3245,11811,11706,16748,23290,2145,4506,0,0,0
6/7/2015,33094,23284,56378,8610,3255,11865,11710,16743,23284,2136,4486,0,0,0
6/8/2015,33137,23298,56435,8648,3264,11912,11707,16739,23298,2134,4486,0,0,0
6/9/2015,33096,23266,56362,8612,3274,11886,11693,16726,23266,2133,4484,0,0,0
6/10/2015,33128,23233,56361,8665,3275,11940,11689,16694,23233,2138,4494,0,0,0
6/11/2015,33077,23237,56314,8592,3270,11862,11702,16709,23237,2144,4506,0,0,0
6/12/2015,33028,23234,56262,8568,3256,11824,11701,16699,23234,2144,4505,0,0,0
6/13/2015,32981,23162,56143,8564,3267,11831,11668,16657,23162,2138,4493,0,0,0
6/14/2015,33058,23172,56230,8620,3277,11897,11676,16668,23172,2137,4493,0,0,0
6/15/2015,33135,23187,56322,8684,3286,11970,11669,16675,23187,2137,4490,0,0,0
6/16/2015,33081,23138,56219,8688,3292,11980,11644,16637,23138,2125,4464,0,0,0
6/17/2015,33069,23117,56186,8677,3297,11974,11653,16641,23117,2119,4454,0,0,0
6/18/2015,33062,23100,56162,8674,3286,11960,11656,16641,23100,2123,4461,0,0,0
6/19/2015,32980,23090,56070,8599,3281,11880,11653,16631,23090,2128,4469,0,0,0
6/20/2015,33000,23077,56077,8627,3292,11919,11643,16614,23077,2126,4467,0,0,0
6/21/2015,33026,23117,56143,8633,3292,11925,11662,16635,23117,2126,4466,0,0,0
6/22/2015,33083,23084,56167,8674,3301,11975,11653,16624,23084,2135,4484,0,0,0
6/23/2015,33095,23042,56137,8705,3314,12019,11628,16595,23042,2134,4481,0,0,0
6/24/2015,33097,23061,56158,8705,3318,12023,11635,16608,23061,2127,4466,0,0,0
6/25/2015,33048,23050,56098,8684,3309,11993,11619,16584,23050,2130,4471,0,0,0
6/26/2015,32955,22994,55949,8623,3305,11928,11594,16559,22994,2128,4468,0,0,0
6/27/2015,32980,22952,55932,8666,3302,11968,11587,16541,22952,2129,4471,0,0,0
6/28/2015,33014,22963,55977,8671,3310,11981,11599,16551,22963,2136,4482,0,0,0
6/29/2015,33007,22934,55941,8679,3315,11994,11579,16532,22934,2135,4481,0,0,0
6/30/2015,32982,22907,55889,8678,3312,11990,11574,16525,22907,2127,4467,0,0,0
7/1/2015,32982,22907,55889,8678,3312,11990,11574,16525,22907,2127,4467,0,0,0
7/2/2015,32893,22916,55809,8593,3296,11889,11597,16542,22916,2126,4462,0,0,0
7/3/2015,32827,22875,55702,8558,3280,11838,11586,16529,22875,2127,4460,0,0,0
7/4/2015,32790,22914,55704,8495,3263,11758,11607,16566,22914,2131,4466,0,0,0
7/5/2015,32901,22903,55804,8591,3301,11892,11602,16551,22903,2127,4458,0,0,0
7/6/2015,32947,22887,55834,8625,3312,11937,11595,16542,22887,2132,4468,0,0,0
7/7/2015,32955,22866,55821,8637,3323,11960,11581,16533,22866,2129,4462,0,0,0
7/8/2015,33024,22872,55896,8657,3330,11987,11592,16553,22872,2138,4484,0,0,0
7/9/2015,33042,22871,55913,8665,3332,11997,11603,16568,22871,2135,4477,0,0,0
7/10/2015,32973,22864,55837,8603,3336,11939,11610,16572,22864,2129,4462,0,0,0
7/11/2015,32914,22850,55764,8573,3329,11902,11606,16551,22850,2129,4461,0,0,0
7/12/2015,32992,22899,55891,8619,3333,11952,11635,16585,22899,2126,4455,0,0,0
7/13/2015,33081,22916,55997,8665,3330,11995,11639,16607,22916,2137,4479,0,0,0
7/14/2015,33051,22928,55979,8661,3336,11997,11627,16584,22928,2132,4470,0,0,0
7/15/2015,33122,22969,56091,8690,3343,12033,11656,16616,22969,2134,4473,0,0,0
7/16/2015,33147,23080,56227,8682,3344,12026,11689,16655,23080,2129,4466,0,0,0
7/17/2015,33068,23065,56133,8590,3369,11959,11677,16642,23065,2129,4467,0,0,0
7/18/2015,32961,22977,55938,8568,3347,11915,11631,16582,22977,2128,4464,0,0,0
7/19/2015,33039,23032,56071,8596,3353,11949,11654,16620,23032,2131,4470,0,0,0
7/20/2015,33080,23005,56085,8663,3375,12038,11627,16580,23005,2127,4462,0,0,0
7/21/2015,33086,22987,56073,8683,3378,12061,11627,16581,22987,2118,4444,0,0,0
7/22/2015,33079,22990,56069,8676,3378,12054,11639,16596,22990,2111,4429,0,0,0
7/23/2015,33037,22948,55985,8635,3378,12013,11634,16595,22948,2112,4429,0,0,0
7/24/2015,32953,22962,55915,8570,3378,11948,11633,16599,22962,2101,4406,0,0,0
7/25/2015,32942,22984,55926,8574,3372,11946,11648,16616,22984,2089,4380,0,0,0
7/26/2015,33020,23032,56052,8623,3377,12000,11662,16641,23032,2088,4379,0,0,0
7/27/2015,33064,23036,56100,8654,3380,12034,11665,16641,23036,2094,4389,0,0,0
7/28/2015,33047,22996,56043,8653,3391,12044,11640,16617,22996,2093,4386,0,0,0
7/29/2015,33135,23039,56174,8678,3397,12075,11660,16647,23039,2104,4413,0,0,0
7/30/2015,33132,23038,56170,8659,3403,12062,11665,16653,23038,2107,4417,0,0,0
7/31/2015,32984,22981,55965,8594,3360,11954,11633,16597,22981,2114,4433,0,0,0
8/1/2015,32950,22999,55949,8546,3346,11892,11648,16621,22999,2115,4437,0,0,0
8/2/2015,33078,23057,56135,8587,3377,11964,11680,16676,23057,2115,4438,0,0,0
8/3/2015,33192,23092,56284,8643,3395,12038,11688,16697,23092,2125,4457,0,0,0
8/4/2015,33117,23016,56133,8627,3396,12023,11671,16655,23016,2115,4439,0,0,0
8/5/2015,33197,23045,56242,8698,3397,12095,11705,16679,23045,2106,4423,0,0,0
8/6/2015,33152,23021,56173,8669,3397,12066,11694,16654,23021,2110,4432,0,0,0
8/7/2015,33071,23040,56111,8567,3384,11951,11718,16685,23040,2111,4435,0,0,0
8/8/2015,33032,22997,56029,8557,3390,11947,11693,16643,22997,2114,4442,0,0,0
8/9/2015,33183,23043,56226,8664,3407,12071,11713,16668,23043,2114,4444,0,0,0
8/10/2015,33298,23123,56421,8705,3411,12116,11746,16711,23123,2128,4471,0,0,0
8/11/2015,33295,23112,56407,8693,3432,12125,11732,16703,23112,2126,4467,0,0,0
8/12/2015,33333,23152,56485,8695,3450,12145,11735,16712,23152,2130,4476,0,0,0
8/13/2015,33368,23176,56544,8685,3460,12145,11741,16734,23176,2137,4489,0,0,0
8/14/2015,33337,23260,56597,8628,3450,12078,11776,16775,23260,2135,4484,0,0,0
8/15/2015,33245,23248,56493,8607,3416,12023,11772,16750,23248,2129,4472,0,0,0
8/16/2015,33348,23245,56593,8667,3444,12111,11774,16758,23245,2132,4479,0,0,0
8/17/2015,33345,23219,56564,8688,3446,12134,11754,16732,23219,2132,4479,0,0,0
8/18/2015,33289,23155,56444,8715,3438,12153,11713,16670,23155,2127,4466,0,0,0
8/19/2015,33366,23262,56628,8688,3462,12150,11772,16734,23262,2136,4482,0,0,0
8/20/2015,33374,23299,56673,8664,3470,12134,11792,16771,23299,2130,4469,0,0,0
8/21/2015,33312,23317,56629,8617,3457,12074,11794,16778,23317,2127,4460,0,0,0
8/22/2015,33258,23314,56572,8567,3444,12011,11796,16788,23314,2127,4459,0,0,0
8/23/2015,33374,23316,56690,8669,3449,12118,11809,16798,23316,2127,4458,0,0,0
8/24/2015,33436,23305,56741,8691,3468,12159,11802,16811,23305,2131,4466,0,0,0
8/25/2015,33410,23303,56713,8678,3467,12145,11799,16812,23303,2126,4453,0,0,0
8/26/2015,33353,23294,56647,8644,3465,12109,11790,16784,23294,2131,4460,0,0,0
8/27/2015,33417,23327,56744,8690,3469,12159,11807,16791,23327,2133,4467,0,0,0
8/28/2015,33295,23247,56542,8624,3453,12077,11775,16751,23247,2133,4467,0,0,0
8/29/2015,33317,23266,56583,8633,3455,12088,11788,16766,23266,2131,4463,0,0,0
8/30/2015,33415,23300,56715,8695,3458,12153,11809,16793,23300,2134,4469,0,0,0
8/31/2015,33446,23285,56731,8738,3472,12210,11785,16766,23285,2134,4470,0,0,0
9/1/2015,33362,23273,56635,8694,3449,12143,11782,16755,23273,2130,4464,0,0,0
9/2/2015,33392,23328,56720,8698,3434,12132,11827,16809,23328,2123,4451,0,0,0
9/3/2015,33405,23358,56763,8681,3444,12125,11838,16822,23358,2126,4458,0,0,0
9/4/2015,33362,23368,56730,8631,3436,12067,11856,16827,23368,2131,4468,0,0,0
9/5/2015,33348,23358,56706,8592,3454,12046,11860,16829,23358,2133,4473,0,0,0
9/6/2015,33367,23358,56725,8633,3432,12065,11876,16835,23358,2129,4467,0,0,0
9/7/2015,33525,23438,56963,8715,3445,12160,11914,16892,23438,2132,4473,0,0,0
9/8/2015,33545,23425,56970,8719,3460,12179,11907,16889,23425,2135,4477,0,0,0
9/9/2015,33570,23379,56949,8738,3487,12225,11886,16858,23379,2141,4487,0,0,0
9/10/2015,33635,23412,57047,8755,3494,12249,11912,16896,23412,2140,4490,0,0,0
9/11/2015,33600,23502,57102,8692,3473,12165,11951,16959,23502,2134,4476,0,0,0
9/12/2015,33524,23404,56928,8710,3473,12183,11914,16897,23404,2119,4444,0,0,0
9/13/2015,33668,23472,57140,8759,3505,12264,11951,16954,23472,2122,4450,0,0,0
9/14/2015,33714,23510,57224,8775,3498,12273,11958,16969,23510,2132,4472,0,0,0
9/15/2015,33727,23479,57206,8786,3514,12300,11937,16946,23479,2137,4481,0,0,0
9/16/2015,33733,23531,57264,8776,3520,12296,11953,16960,23531,2135,4477,0,0,0
9/17/2015,33720,23489,57209,8775,3522,12297,11939,16946,23489,2135,4477,0,0,0
9/18/2015,33684,23478,57162,8754,3491,12245,11935,16942,23478,2145,4497,0,0,0
9/19/2015,33630,23429,57059,8729,3500,12229,11919,16911,23429,2141,4490,0,0,0
9/20/2015,33666,23404,57070,8807,3504,12311,11893,16867,23404,2140,4488,0,0,0
9/21/2015,33675,23384,57059,8812,3515,12327,11883,16857,23384,2144,4491,0,0,0
9/22/2015,33787,23422,57209,8857,3539,12396,11911,16893,23422,2148,4498,0,0,0
9/23/2015,33803,23403,57206,8871,3527,12398,11912,16885,23403,2158,4520,0,0,0
9/24/2015,33832,23391,57223,8856,3529,12385,11936,16926,23391,2158,4521,0,0,0
9/25/2015,33755,23486,57241,8754,3508,12262,11967,16965,23486,2162,4528,0,0,0
9/26/2015,33673,23448,57121,8735,3498,12233,11938,16934,23448,2151,4506,0,0,0
9/27/2015,33802,23470,57272,8822,3509,12331,11963,16958,23470,2154,4513,0,0,0
9/28/2015,33879,23485,57364,8848,3534,12382,11971,16973,23485,2159,4524,0,0,0
9/29/2015,33830,23455,57285,8831,3529,12360,11964,16948,23455,2158,4522,0,0,0
9/30/2015,33882,23484,57366,8850,3539,12389,11975,16966,23484,2161,4527,0,0,0
10/1/2015,33809,23428,57237,8796,3520,12316,11966,16955,23428,2167,4538,0,0,0
10/2/2015,33787,23431,57218,8789,3508,12297,11966,16951,23431,2167,4539,0,0,0
10/3/2015,33742,23363,57105,8806,3525,12331,11925,16890,23363,2158,4521,0,0,0
10/4/2015,33826,23376,57202,8849,3535,12384,11943,16912,23376,2164,4530,0,0,0
10/5/2015,33870,23406,57276,8866,3539,12405,11950,16936,23406,2164,4529,0,0,0
10/6/2015,33851,23388,57239,8892,3536,12428,11933,16905,23388,2159,4518,0,0,0
10/7/2015,33858,23401,57259,8882,3538,12420,11950,16929,23401,2154,4509,0,0,0
10/8/2015,33851,23331,57182,8883,3552,12435,11929,16900,23331,2157,4516,0,0,0
10/9/2015,33841,23414,57255,8811,3524,12335,11982,16981,23414,2161,4525,0,0,0
10/10/2015,33764,23360,57124,8779,3531,12310,11951,16935,23360,2158,4519,0,0,0
10/11/2015,33828,23342,57170,8844,3540,12384,11940,16916,23342,2162,4528,0,0,0
10/12/2015,33964,23400,57364,8891,3568,12459,11964,16949,23400,2176,4556,0,0,0
10/13/2015,34016,23444,57460,8918,3562,12480,11998,16990,23444,2171,4546,0,0,0
10/14/2015,33956,23397,57353,8878,3578,12456,11982,16964,23397,2166,4536,0,0,0
10/15/2015,33969,23331,57300,8925,3573,12498,11969,16942,23331,2163,4529,0,0,0
10/16/2015,33937,23377,57314,8884,3561,12445,11988,16951,23377,2168,4541,0,0,0
10/17/2015,33952,23368,57320,8910,3559,12469,11988,16948,23368,2165,4535,0,0,0
10/18/2015,34022,23364,57386,8962,3585,12547,11987,16951,23364,2160,4524,0,0,0
10/19/2015,34122,23424,57546,8975,3584,12559,12018,17001,23424,2178,4562,0,0,0
10/20/2015,34027,23396,57423,8944,3572,12516,11990,16956,23396,2175,4555,0,0,0
10/21/2015,34034,23376,57410,8975,3553,12528,11979,16951,23376,2175,4555,0,0,0
10/22/2015,34072,23376,57448,9009,3573,12582,11978,16952,23376,2168,4538,0,0,0
10/23/2015,34020,23377,57397,8961,3566,12527,11984,16966,23377,2163,4527,0,0,0
10/24/2015,34056,23372,57428,8957,3586,12543,11999,16979,23372,2167,4534,0,0,0
10/25/2015,34063,23306,57369,9014,3587,12601,11968,16924,23306,2169,4538,0,0,0
10/26/2015,34117,23343,57460,9052,3574,12626,11976,16945,23343,2173,4546,0,0,0
10/27/2015,34070,23340,57410,9032,3579,12611,11963,16921,23340,2171,4538,0,0,0
10/28/2015,34178,23397,57575,9090,3594,12684,11989,16962,23397,2168,4532,0,0,0
10/29/2015,34174,23444,57618,9060,3586,12646,12008,16987,23444,2170,4541,0,0,0
10/30/2015,34048,23408,57456,8981,3539,12520,12005,16980,23408,2174,4548,0,0,0
10/31/2015,34002,23412,57414,8913,3538,12451,12021,16999,23412,2176,4552,0,0,0
11/1/2015,34029,23378,57407,8981,3553,12534,11989,16963,23378,2166,4532,0,0,0
11/2/2015,34029,23378,57407,8981,3553,12534,11989,16963,23378,2166,4532,0,0,0
11/3/2015,34072,23379,57451,8999,3564,12563,11985,16965,23379,2171,4544,0,0,0
11/4/2015,34114,23370,57484,9033,3572,12605,11990,16949,23370,2176,4560,0,0,0
11/5/2015,34117,23361,57478,9063,3560,12623,12007,16957,23361,2165,4537,0,0,0
11/6/2015,34039,23380,57419,8981,3530,12511,12026,16987,23380,2166,4541,0,0,0
11/7/2015,34060,23387,57447,8995,3555,12550,12030,17000,23387,2153,4510,0,0,0
11/8/2015,34164,23379,57543,9083,3570,12653,12034,16997,23379,2155,4514,0,0,0
11/9/2015,34299,23457,57756,9116,3576,12692,12081,17055,23457,2174,4552,0,0,0
11/10/2015,34304,23418,57722,9142,3586,12728,12069,17032,23418,2170,4544,0,0,0
11/11/2015,34330,23475,57805,9127,3603,12730,12090,17050,23475,2174,4550,0,0,0
11/12/2015,34320,23454,57774,9118,3591,12709,12089,17045,23454,2182,4566,0,0,0
11/13/2015,34310,23491,57801,9112,3574,12686,12103,17064,23491,2179,4560,0,0,0
11/14/2015,34224,23452,57676,9056,3572,12628,12080,17038,23452,2177,4558,0,0,0
11/15/2015,34271,23429,57700,9077,3597,12674,12069,17031,23429,2181,4566,0,0,0
11/16/2015,34388,23468,57856,9131,3603,12734,12094,17059,23468,2195,4595,0,0,0
11/17/2015,34403,23500,57903,9135,3607,12742,12099,17083,23500,2187,4578,0,0,0
11/18/2015,34410,23520,57930,9155,3608,12763,12120,17090,23520,2177,4557,0,0,0
11/19/2015,34424,23481,57905,9180,3619,12799,12112,17081,23481,2170,4544,0,0,0
11/20/2015,34404,23522,57926,9137,3590,12727,12139,17112,23522,2181,4565,0,0,0
11/21/2015,34268,23474,57742,9079,3574,12653,12105,17066,23474,2172,4549,0,0,0
11/22/2015,34402,23493,57895,9149,3603,12752,12120,17096,23493,2175,4554,0,0,0
11/23/2015,34514,23523,58037,9188,3613,12801,12144,17137,23523,2185,4576,0,0,0
11/24/2015,34473,23481,57954,9185,3606,12791,12131,17119,23481,2178,4563,0,0,0
11/25/2015,34432,23530,57962,9145,3573,12718,12167,17159,23530,2174,4555,0,0,0
11/26/2015,34380,23576,57956,9082,3544,12626,12191,17184,23576,2181,4570,0,1,0
11/27/2015,34416,23577,57993,9119,3538,12657,12194,17188,23577,2181,4571,0,0,0
11/28/2015,34402,23505,57907,9147,3554,12701,12148,17125,23505,2184,4576,0,0,0
11/29/2015,34430,23425,57855,9196,3576,12772,12118,17089,23425,2181,4569,0,0,0
11/30/2015,34531,23436,57967,9254,3589,12843,12113,17093,23436,2192,4595,0,0,0
12/1/2015,34366,23367,57733,9180,3573,12753,12070,17026,23367,2187,4587,0,0,0
12/2/2015,34347,23406,57753,9164,3572,12736,12098,17043,23406,2177,4568,0,0,0
12/3/2015,34354,23415,57769,9145,3579,12724,12122,17059,23415,2179,4571,0,0,0
12/4/2015,34235,23402,57637,9025,3556,12581,12121,17060,23402,2189,4594,0,0,0
12/5/2015,34320,23396,57716,9126,3582,12708,12112,17038,23396,2180,4574,0,0,0
12/6/2015,34417,23419,57836,9189,3591,12780,12125,17054,23419,2185,4583,0,0,0
12/7/2015,34517,23450,57967,9270,3588,12858,12151,17082,23450,2182,4577,0,0,0
12/8/2015,34552,23426,57978,9280,3604,12884,12149,17085,23426,2185,4583,0,0,0
12/9/2015,34554,23430,57984,9259,3600,12859,12153,17092,23430,2195,4603,0,0,0
12/10/2015,34616,23454,58070,9272,3619,12891,12169,17120,23454,2195,4605,0,0,0
12/11/2015,34457,23395,57852,9177,3592,12769,12151,17090,23395,2192,4598,0,0,0
12/12/2015,34417,23413,57830,9146,3594,12740,12148,17085,23413,2188,4592,0,0,0
12/13/2015,34551,23420,57971,9216,3621,12837,12166,17106,23420,2195,4608,0,0,0
12/14/2015,34566,23432,57998,9241,3603,12844,12166,17108,23432,2198,4614,0,0,0
12/15/2015,34562,23403,57965,9251,3617,12868,12148,17082,23403,2198,4612,0,0,0
12/16/2015,34611,23415,58026,9259,3622,12881,12166,17106,23415,2203,4624,0,0,0
12/17/2015,34575,23461,58036,9218,3631,12849,12185,17124,23461,2192,4602,0,0,0
12/18/2015,34474,23407,57881,9189,3601,12790,12151,17063,23407,2199,4621,0,0,0
12/19/2015,34442,23412,57854,9184,3592,12776,12160,17074,23412,2186,4592,0,0,0
12/20/2015,34549,23404,57953,9258,3613,12871,12152,17074,23404,2191,4604,0,0,0
12/21/2015,34587,23422,58009,9285,3615,12900,12158,17082,23422,2192,4605,0,0,0
12/22/2015,34545,23440,57985,9259,3610,12869,12162,17087,23440,2184,4589,0,0,0
12/23/2015,34486,23416,57902,9236,3609,12845,12150,17071,23416,2175,4570,0,0,0
12/24/2015,34279,23410,57689,9052,3561,12613,12157,17086,23410,2180,4580,0,0,0
12/25/2015,34313,23398,57711,9078,3557,12635,12158,17087,23398,2185,4591,0,0,1
12/26/2015,34320,23379,57699,9116,3557,12673,12145,17063,23379,2182,4584,0,0,0
12/27/2015,34392,23338,57730,9209,3568,12777,12121,17029,23338,2183,4586,0,0,0
12/28/2015,34570,23326,57896,9304,3601,12905,12127,17049,23326,2197,4616,0,0,0
12/29/2015,34517,23321,57838,9294,3593,12887,12113,17031,23321,2189,4599,0,0,0
12/30/2015,34514,23400,57914,9274,3550,12824,12154,17080,23400,2195,4610,0,0,0
12/31/2015,33960,23378,57338,8845,3440,12285,12152,17061,23378,2197,4614,0,0,0
1/1/2016,34267,23362,57629,9116,3476,12592,12146,17057,23362,2199,4618,0,0,0
1/2/2016,34317,23361,57678,9150,3492,12642,12144,17053,23361,2200,4622,0,0,0
1/3/2016,34463,23325,57788,9265,3539,12804,12128,17036,23325,2200,4623,0,0,0
1/4/2016,34611,23318,57929,9380,3588,12968,12118,17020,23318,2200,4623,0,0,0
1/5/2016,34650,23358,58008,9365,3610,12975,12138,17049,23358,2200,4626,0,0,0
1/6/2016,34682,23404,58086,9351,3606,12957,12174,17090,23404,2204,4635,0,0,0
1/7/2016,34708,23429,58137,9334,3625,12959,12186,17111,23429,2205,4638,0,0,0
1/8/2016,34612,23401,58013,9269,3602,12871,12198,17115,23401,2201,4626,0,0,0
1/9/2016,34558,23362,57920,9239,3618,12857,12185,17084,23362,2196,4617,0,0,0
1/10/2016,34681,23396,58077,9301,3631,12932,12211,17116,23396,2203,4633,0,0,0
1/11/2016,34732,23426,58158,9322,3638,12960,12217,17130,23426,2208,4642,0,0,0
1/12/2016,34788,23454,58242,9339,3646,12985,12244,17161,23454,2209,4642,0,0,0
1/13/2016,34830,23460,58290,9364,3659,13023,12247,17155,23460,2214,4652,0,0,0
1/14/2016,34871,23484,58355,9358,3655,13013,12274,17190,23484,2222,4668,0,0,0
1/15/2016,34737,23418,58155,9290,3625,12915,12244,17134,23418,2233,4688,0,0,0
1/16/2016,34685,23379,58064,9272,3615,12887,12230,17126,23379,2225,4672,0,0,0
1/17/2016,34804,23456,58260,9329,3623,12952,12257,17168,23456,2231,4684,0,0,0
1/18/2016,34891,23479,58370,9345,3657,13002,12277,17197,23479,2234,4692,0,0,0
1/19/2016,34945,23494,58439,9389,3639,13028,12296,17225,23494,2234,4692,0,0,0
1/20/2016,34907,23398,58305,9391,3644,13035,12258,17164,23398,2242,4708,0,0,0
1/21/2016,34751,23232,57983,9415,3647,13062,12208,17031,23232,2231,4658,0,0,0
1/22/2016,34849,23434,58283,9368,3636,13004,12274,17175,23434,2223,4670,0,0,0
1/23/2016,34719,23450,58169,9233,3606,12839,12279,17194,23450,2230,4686,0,0,0
1/24/2016,34870,23525,58395,9301,3627,12928,12323,17253,23525,2231,4689,0,0,0
1/25/2016,34919,23476,58395,9390,3628,13018,12291,17216,23476,2229,4685,0,0,0
1/26/2016,34892,23409,58301,9420,3630,13050,12256,17165,23409,2226,4677,0,0,0
1/27/2016,34840,23363,58203,9376,3634,13010,12235,17137,23363,2233,4693,0,0,0
1/28/2016,34837,23372,58209,9386,3636,13022,12224,17118,23372,2235,4697,0,0,0
1/29/2016,34793,23398,58191,9348,3629,12977,12240,17137,23398,2227,4679,0,0,0
1/30/2016,34749,23384,58133,9348,3615,12963,12237,17123,23384,2220,4663,0,0,0
1/31/2016,34793,23391,58184,9371,3622,12993,12243,17126,23391,2225,4674,0,0,0
2/1/2016,34744,23384,58128,9319,3595,12914,12248,17147,23384,2229,4683,0,0,0
2/2/2016,34749,23394,58143,9345,3587,12932,12244,17143,23394,2224,4674,0,0,0
2/3/2016,34807,23424,58231,9354,3579,12933,12278,17191,23424,2229,4683,0,0,0
2/4/2016,34785,23406,58191,9321,3581,12902,12283,17196,23406,2230,4687,0,0,0
2/5/2016,34726,23355,58081,9307,3569,12876,12256,17160,23355,2231,4690,0,0,0
2/6/2016,34708,23306,58014,9296,3562,12858,12240,17139,23306,2242,4711,0,0,0
2/7/2016,34776,23342,58118,9322,3578,12900,12257,17165,23342,2242,4711,0,0,0
2/8/2016,34887,23296,58183,9413,3619,13032,12245,17144,23296,2242,4711,0,0,0
2/9/2016,34914,23294,58208,9426,3627,13053,12244,17147,23294,2243,4714,0,0,0
2/10/2016,34931,23294,58225,9443,3619,13062,12250,17154,23294,2245,4715,0,0,0
2/11/2016,34973,23303,58276,9508,3612,13120,12233,17130,23303,2249,4723,0,0,0
2/12/2016,34848,23243,58091,9447,3603,13050,12206,17079,23243,2247,4719,0,0,0
2/13/2016,34838,23266,58104,9432,3597,13029,12206,17082,23266,2251,4727,0,0,0
2/14/2016,34920,23297,58217,9461,3609,13070,12229,17119,23297,2253,4731,0,0,0
2/15/2016,35026,23310,58336,9500,3630,13130,12239,17145,23310,2263,4751,0,0,0
2/16/2016,35033,23318,58351,9512,3627,13139,12238,17147,23318,2261,4747,0,0,0
2/17/2016,35029,23289,58318,9540,3626,13166,12225,17135,23289,2251,4728,0,0,0
2/18/2016,34992,23285,58277,9524,3635,13159,12226,17134,23285,2238,4699,0,0,0
2/19/2016,34932,23295,58227,9478,3605,13083,12230,17138,23295,2244,4711,0,0,0
2/20/2016,34817,23226,58043,9428,3604,13032,12195,17093,23226,2235,4692,0,0,0
2/21/2016,34910,23233,58143,9503,3620,13123,12204,17105,23233,2229,4682,0,0,0
2/22/2016,35030,23258,58288,9546,3633,13179,12234,17155,23258,2236,4696,0,0,0
2/23/2016,35024,23221,58245,9577,3639,13216,12202,17108,23221,2238,4700,0,0,0
2/24/2016,35010,23221,58231,9550,3642,13192,12220,17133,23221,2231,4685,0,0,0
2/25/2016,35038,23209,58247,9544,3665,13209,12229,17138,23209,2233,4691,0,0,0
2/26/2016,34966,23187,58153,9512,3653,13165,12216,17124,23187,2226,4677,0,0,0
2/27/2016,34873,23143,58016,9440,3650,13090,12208,17102,23143,2229,4681,0,0,0
2/28/2016,34926,23165,58091,9479,3651,13130,12228,17131,23165,2221,4665,0,0,0
2/29/2016,34986,23130,58116,9520,3681,13201,12211,17107,23130,2228,4678,0,0,0
3/1/2016,34925,23114,58039,9495,3653,13148,12206,17098,23114,2228,4679,0,0,0
3/2/2016,34979,23122,58101,9513,3662,13175,12215,17113,23122,2234,4691,0,0,0
3/3/2016,34978,23088,58066,9529,3662,13191,12205,17097,23088,2233,4690,0,0,0
3/4/2016,34916,23079,57995,9496,3633,13129,12202,17088,23079,2237,4699,0,0,0
3/5/2016,34842,22988,57830,9483,3634,13117,12163,17030,22988,2235,4695,0,0,0
3/6/2016,34907,22985,57892,9512,3657,13169,12167,17041,22985,2235,4697,0,0,0
3/7/2016,35000,23034,58034,9554,3638,13192,12195,17085,23034,2247,4723,0,0,0
3/8/2016,34966,23008,57974,9532,3650,13182,12188,17071,23008,2242,4713,0,0,0
3/9/2016,34951,22990,57941,9506,3653,13159,12189,17068,22990,2247,4724,0,0,0
3/10/2016,34934,22981,57915,9460,3656,13116,12195,17087,22981,2250,4731,0,0,0
3/11/2016,34832,22882,57714,9446,3638,13084,12141,17018,22882,2250,4730,0,0,0
3/12/2016,34761,22831,57592,9433,3619,13052,12124,16987,22831,2246,4722,0,0,0
3/13/2016,34864,22841,57705,9474,3642,13116,12136,17008,22841,2255,4740,0,0,0
3/14/2016,34958,22863,57821,9520,3661,13181,12155,17044,22863,2252,4733,0,0,0
3/15/2016,34957,22854,57811,9527,3672,13199,12144,17026,22854,2252,4732,0,0,0
3/16/2016,34960,22890,57850,9512,3655,13167,12172,17058,22890,2252,4735,0,0,0
3/17/2016,34946,22875,57821,9475,3652,13127,12184,17085,22875,2251,4734,0,0,0
3/18/2016,34897,22848,57745,9455,3649,13104,12160,17053,22848,2254,4740,0,0,0
3/19/2016,34868,22844,57712,9450,3638,13088,12161,17058,22844,2245,4722,0,0,0
3/20/2016,35009,22863,57872,9534,3668,13202,12174,17071,22863,2252,4736,0,0,0
3/21/2016,35063,22914,57977,9568,3669,13237,12187,17096,22914,2249,4730,0,0,0
3/22/2016,34993,22812,57805,9599,3651,13250,12124,17014,22812,2248,4729,0,0,0
3/23/2016,35025,22842,57867,9567,3665,13232,12153,17042,22842,2259,4751,0,0,0
3/24/2016,34981,22865,57846,9524,3650,13174,12185,17079,22865,2247,4728,0,0,0
3/25/2016,34878,22795,57673,9467,3637,13104,12163,17043,22795,2249,4731,0,0,0
3/26/2016,34924,22783,57707,9504,3642,13146,12156,17050,22783,2248,4728,0,0,0
3/27/2016,34954,22783,57737,9502,3661,13163,12162,17059,22783,2251,4732,1,0,0
3/28/2016,35032,22798,57830,9574,3676,13250,12160,17059,22798,2246,4723,0,0,0
3/29/2016,35042,22764,57806,9591,3679,13270,12144,17043,22764,2250,4729,0,0,0
3/30/2016,35054,22769,57823,9576,3675,13251,12153,17051,22769,2260,4752,0,0,0
3/31/2016,34954,22807,57761,9471,3671,13142,12171,17070,22807,2255,4742,0,0,0
4/1/2016,34736,22757,57493,9327,3638,12965,12155,17028,22757,2255,4743,0,0,0
4/2/2016,34757,22770,57527,9357,3628,12985,12151,17027,22770,2258,4745,0,0,0
4/3/2016,34931,22836,57767,9450,3643,13093,12192,17089,22836,2259,4749,0,0,0
4/4/2016,35054,22864,57918,9542,3668,13210,12189,17081,22864,2265,4763,0,0,0
4/5/2016,35032,22818,57850,9531,3678,13209,12182,17057,22818,2267,4766,0,0,0
4/6/2016,35046,22854,57900,9509,3667,13176,12209,17098,22854,2270,4772,0,0,0
4/7/2016,35103,22874,57977,9519,3663,13182,12233,17132,22874,2277,4789,0,0,0
4/8/2016,34994,22811,57805,9449,3662,13111,12209,17093,22811,2278,4790,0,0,0
4/9/2016,34941,22765,57706,9445,3657,13102,12196,17055,22765,2275,4784,0,0,0
4/10/2016,35039,22746,57785,9496,3671,13167,12192,17055,22746,2290,4817,0,0,0
4/11/2016,35157,22837,57994,9502,3690,13192,12249,17146,22837,2291,4819,0,0,0
4/12/2016,35176,22820,57996,9521,3692,13213,12261,17139,22820,2293,4824,0,0,0
4/13/2016,35123,22829,57952,9473,3695,13168,12263,17141,22829,2288,4814,0,0,0
4/14/2016,35123,22814,57937,9502,3692,13194,12248,17120,22814,2286,4809,0,0,0
4/15/2016,35007,22796,57803,9416,3687,13103,12243,17107,22796,2282,4797,0,0,0
4/16/2016,34946,22798,57744,9350,3688,13038,12251,17121,22798,2277,4787,0,0,0
4/17/2016,35025,22791,57816,9423,3697,13120,12246,17113,22791,2280,4792,0,0,0
4/18/2016,35116,22805,57921,9472,3708,13180,12261,17143,22805,2280,4793,0,0,0
4/19/2016,35093,22774,57867,9465,3713,13178,12254,17136,22774,2272,4779,0,0,0
4/20/2016,35082,22778,57860,9441,3709,13150,12264,17154,22778,2271,4778,0,0,0
4/21/2016,35075,22770,57845,9431,3716,13147,12266,17154,22770,2270,4774,0,0,0
4/22/2016,34992,22719,57711,9359,3705,13064,12253,17135,22719,2280,4793,0,0,0
4/23/2016,34952,22701,57653,9364,3703,13067,12243,17112,22701,2270,4773,0,0,0
4/24/2016,35044,22709,57753,9424,3719,13143,12246,17109,22709,2279,4792,0,0,0
4/25/2016,35122,22718,57840,9449,3729,13178,12264,17137,22718,2286,4807,0,0,0
4/26/2016,35122,22718,57840,9449,3729,13178,12264,17137,22718,2286,4807,0,0,0
4/27/2016,35122,22718,57840,9449,3729,13178,12264,17137,22718,2286,4807,0,0,0
4/28/2016,35284,22834,58118,9499,3746,13245,12334,17231,22834,2286,4808,0,0,0
4/29/2016,35040,22775,57815,9357,3680,13037,12305,17193,22775,2287,4810,0,0,0
4/30/2016,35023,22770,57793,9347,3680,13027,12299,17188,22770,2285,4808,0,0,0
5/1/2016,35207,22808,58015,9447,3722,13169,12321,17218,22808,2291,4820,0,0,0
5/2/2016,35221,22783,58004,9441,3728,13169,12324,17225,22783,2294,4827,0,0,0
5/3/2016,35235,22824,58059,9424,3733,13157,12347,17258,22824,2291,4820,0,0,0
5/4/2016,35260,22842,58102,9427,3744,13171,12369,17292,22842,2282,4797,0,0,0
5/5/2016,35219,22838,58057,9392,3745,13137,12369,17280,22838,2284,4802,0,0,0
5/6/2016,35172,22821,57993,9377,3724,13101,12359,17259,22821,2289,4812,0,0,0
5/7/2016,35087,22783,57870,9345,3710,13055,12348,17239,22783,2280,4793,0,0,0
5/8/2016,35173,22830,58003,9392,3719,13111,12379,17271,22830,2279,4791,0,0,0
5/9/2016,35210,22793,58003,9437,3726,13163,12345,17233,22793,2290,4814,0,0,0
5/10/2016,35129,22726,57855,9395,3724,13119,12327,17193,22726,2293,4817,0,0,0
5/11/2016,35065,22746,57811,9322,3726,13048,12338,17195,22746,2295,4822,0,0,0
5/12/2016,35099,22749,57848,9370,3716,13086,12337,17193,22749,2294,4820,0,0,0
5/13/2016,35102,22778,57880,9369,3704,13073,12351,17204,22778,2297,4825,0,0,0
5/14/2016,35026,22757,57783,9347,3696,13043,12336,17186,22757,2283,4797,0,0,0
5/15/2016,35119,22775,57894,9427,3702,13129,12349,17200,22775,2280,4790,0,0,0
5/16/2016,35227,22833,58060,9408,3743,13151,12388,17264,22833,2291,4812,0,0,0
5/17/2016,35218,22832,58050,9423,3726,13149,12382,17246,22832,2298,4823,0,0,0
5/18/2016,35294,22867,58161,9460,3743,13203,12398,17266,22867,2299,4825,0,0,0
5/19/2016,35247,22791,58038,9455,3742,13197,12368,17216,22791,2303,4834,0,0,0
5/20/2016,35129,22786,57915,9374,3691,13065,12359,17216,22786,2310,4848,0,0,0
5/21/2016,35076,22733,57809,9383,3699,13082,12322,17167,22733,2300,4827,0,0,0
5/22/2016,35157,22751,57908,9418,3708,13126,12341,17189,22751,2307,4842,0,0,0
5/23/2016,35224,22744,57968,9450,3720,13170,12343,17186,22744,2319,4868,0,0,0
5/24/2016,35163,22699,57862,9452,3710,13162,12311,17131,22699,2320,4870,0,0,0
5/25/2016,35138,22692,57830,9418,3708,13126,12320,17131,22692,2326,4881,0,0,0
5/26/2016,35079,22665,57744,9393,3711,13104,12314,17114,22665,2316,4861,0,0,0
5/27/2016,34996,22605,57601,9363,3700,13063,12283,17073,22605,2315,4860,0,0,0
5/28/2016,34880,22596,57476,9279,3682,12961,12264,17049,22596,2320,4870,0,0,0
5/29/2016,34998,22638,57636,9315,3700,13015,12293,17096,22638,2328,4887,0,0,0
5/30/2016,35033,22611,57644,9356,3715,13071,12279,17072,22611,2330,4890,0,0,0
5/31/2016,35033,22611,57644,9356,3715,13071,12279,17072,22611,2330,4890,0,0,0
6/1/2016,35010,22631,57641,9299,3711,13010,12304,17106,22631,2331,4894,0,0,0
6/2/2016,35085,22653,57738,9340,3719,13059,12322,17129,22653,2333,4897,0,0,0
6/3/2016,34994,22625,57619,9249,3713,12962,12317,17114,22625,2343,4918,0,0,0
6/4/2016,34992,22628,57620,9274,3700,12974,12313,17111,22628,2338,4907,0,0,0
6/5/2016,35173,22680,57853,9359,3719,13078,12354,17174,22680,2345,4921,0,0,0
6/6/2016,35190,22649,57839,9366,3728,13094,12339,17152,22649,2356,4944,0,0,0
6/7/2016,35157,22617,57774,9358,3733,13091,12336,17125,22617,2353,4941,0,0,0
6/8/2016,35247,22666,57913,9404,3756,13160,12358,17145,22666,2355,4942,0,0,0
6/9/2016,35250,22707,57957,9383,3744,13127,12382,17186,22707,2353,4937,0,0,0
6/10/2016,34960,22731,57691,9284,3530,12814,12399,17215,22731,2351,4931,0,0,0
6/11/2016,35041,22651,57692,9242,3694,12936,12373,17176,22651,2350,4929,0,0,0
6/12/2016,35184,22687,57871,9336,3726,13062,12393,17199,22687,2347,4923,0,0,0
6/13/2016,35233,22679,57912,9366,3752,13118,12387,17198,22679,2345,4917,0,0,0
6/14/2016,35257,22651,57908,9361,3766,13127,12385,17204,22651,2351,4926,0,0,0
6/15/2016,35268,22655,57923,9351,3758,13109,12404,17231,22655,2350,4928,0,0,0
6/16/2016,35279,22683,57962,9356,3749,13105,12413,17248,22683,2350,4926,0,0,0
6/17/2016,35198,22695,57893,9295,3748,13043,12407,17231,22695,2348,4924,0,0,0
6/18/2016,35107,22672,57779,9257,3717,12974,12398,17223,22672,2341,4910,0,0,0
6/19/2016,35205,22668,57873,9314,3750,13064,12398,17219,22668,2347,4922,0,0,0
6/20/2016,35258,22666,57924,9367,3758,13125,12385,17202,22666,2352,4931,0,0,0
6/21/2016,35210,22629,57839,9355,3759,13114,12360,17173,22629,2347,4923,0,0,0
6/22/2016,35173,22614,57787,9309,3779,13088,12359,17166,22614,2346,4919,0,0,0
6/23/2016,35183,22611,57794,9318,3787,13105,12360,17173,22611,2337,4905,0,0,0
6/24/2016,35120,22613,57733,9277,3761,13038,12371,17190,22613,2331,4892,0,0,0
6/25/2016,34959,22543,57502,9199,3755,12954,12333,17130,22543,2323,4875,0,0,0
6/26/2016,35063,22571,57634,9256,3768,13024,12353,17167,22571,2323,4872,0,0,0
6/27/2016,35162,22597,57759,9291,3783,13074,12372,17186,22597,2337,4902,0,0,0
6/28/2016,35184,22556,57740,9350,3778,13128,12359,17164,22556,2331,4892,0,0,0
6/29/2016,35164,22615,57779,9287,3764,13051,12388,17213,22615,2334,4900,0,0,0
6/30/2016,35134,22653,57787,9253,3736,12989,12413,17228,22653,2342,4917,0,0,0
7/1/2016,34893,22547,57440,9171,3682,12853,12358,17150,22547,2330,4890,0,0,0
7/2/2016,34805,22543,57348,9132,3652,12784,12355,17143,22543,2323,4878,0,0,0
7/3/2016,34946,22618,57564,9168,3679,12847,12391,17195,22618,2336,4904,0,0,0
7/4/2016,35020,22669,57689,9184,3693,12877,12424,17235,22669,2338,4908,0,0,0
7/5/2016,35123,22614,57737,9245,3734,12979,12409,17213,22614,2349,4931,0,0,0
7/6/2016,35128,22577,57705,9261,3731,12992,12386,17194,22577,2355,4942,0,0,0
7/7/2016,35165,22626,57791,9258,3744,13002,12405,17219,22626,2357,4944,0,0,0
7/8/2016,35105,22637,57742,9195,3725,12920,12411,17237,22637,2358,4948,0,0,0
7/9/2016,35087,22704,57791,9175,3712,12887,12446,17283,22704,2344,4917,0,0,0
7/10/2016,35190,22728,57918,9232,3721,12953,12459,17307,22728,2350,4930,0,0,0
7/11/2016,35225,22732,57957,9249,3732,12981,12459,17303,22732,2355,4941,0,0,0
7/12/2016,35237,22762,57999,9234,3747,12981,12472,17313,22762,2357,4943,0,0,0
7/13/2016,35259,22738,57997,9258,3748,13006,12461,17309,22738,2357,4944,0,0,0
7/14/2016,35353,22818,58171,9282,3746,13028,12503,17378,22818,2358,4947,0,0,0
7/15/2016,35310,22889,58199,9195,3706,12901,12555,17450,22889,2364,4959,0,0,0
7/16/2016,35306,22908,58214,9173,3727,12900,12563,17449,22908,2361,4957,0,0,0
7/17/2016,35351,22967,58318,9226,3670,12896,12595,17496,22967,2360,4959,0,0,0
7/18/2016,35525,22955,58480,9297,3749,13046,12591,17496,22955,2371,4983,0,0,0
7/19/2016,35355,22888,58243,9219,3757,12976,12545,17426,22888,2356,4953,0,0,0
7/20/2016,35409,22919,58328,9242,3755,12997,12569,17460,22919,2356,4952,0,0,0
7/21/2016,35443,22987,58430,9251,3727,12978,12616,17520,22987,2353,4945,0,0,0
7/22/2016,35304,22970,58274,9160,3722,12882,12597,17488,22970,2347,4934,0,0,0
7/23/2016,35306,22973,58279,9152,3734,12886,12602,17503,22973,2339,4917,0,0,0
7/24/2016,35340,23017,58357,9133,3748,12881,12627,17543,23017,2338,4916,0,0,0
7/25/2016,35448,22963,58411,9244,3739,12983,12615,17521,22963,2352,4944,0,0,0
7/26/2016,35448,22963,58411,9244,3739,12983,12615,17521,22963,2352,4944,0,0,0
7/27/2016,35435,22956,58391,9218,3771,12989,12611,17507,22956,2349,4939,0,0,0
7/28/2016,35394,22953,58347,9190,3771,12961,12620,17509,22953,2343,4924,0,0,0
7/29/2016,35324,22956,58280,9142,3741,12883,12610,17488,22956,2357,4953,0,0,0
7/30/2016,35350,22987,58337,9148,3727,12875,12626,17522,22987,2357,4953,0,0,0
7/31/2016,35477,23069,58546,9184,3735,12919,12667,17589,23069,2365,4969,0,0,0
8/1/2016,35481,23045,58526,9207,3739,12946,12640,17555,23045,2370,4980,0,0,0
8/2/2016,35488,23013,58501,9229,3742,12971,12626,17529,23013,2374,4988,0,0,0
8/3/2016,35485,23023,58508,9227,3748,12975,12631,17531,23023,2369,4979,0,0,0
8/4/2016,35557,23108,58665,9205,3742,12947,12701,17619,23108,2374,4991,0,0,0
8/5/2016,35436,23066,58502,9164,3716,12880,12689,17592,23066,2361,4964,0,0,0
8/6/2016,35502,23120,58622,9154,3735,12889,12711,17622,23120,2375,4991,0,0,0
8/7/2016,35654,23207,58861,9211,3760,12971,12750,17686,23207,2378,4997,0,0,0
8/8/2016,35710,23207,58917,9256,3762,13018,12748,17687,23207,2382,5005,0,0,0
8/9/2016,35721,23219,58940,9291,3742,13033,12763,17700,23219,2374,4988,0,0,0
8/10/2016,35732,23227,58959,9272,3745,13017,12775,17707,23227,2384,5008,0,0,0
8/11/2016,35811,23297,59108,9303,3734,13037,12830,17774,23297,2380,5000,0,0,0
8/12/2016,35751,23312,59063,9243,3725,12968,12841,17793,23312,2376,4990,0,0,0
8/13/2016,35646,23289,58935,9187,3714,12901,12816,17763,23289,2372,4982,0,0,0
8/14/2016,35753,23335,59088,9252,3732,12984,12844,17798,23335,2367,4971,0,0,0
8/15/2016,35829,23381,59210,9260,3732,12992,12875,17844,23381,2377,4993,0,0,0
8/16/2016,35762,23312,59074,9241,3729,12970,12836,17792,23312,2381,5000,0,0,0
8/17/2016,35812,23351,59163,9254,3746,13000,12857,17813,23351,2381,4999,0,0,0
8/18/2016,35805,23319,59124,9284,3744,13028,12837,17781,23319,2381,4996,0,0,0
8/19/2016,35684,23332,59016,9193,3727,12920,12848,17788,23332,2372,4976,0,0,0
8/20/2016,35608,23410,59018,9197,3623,12820,12886,17823,23410,2366,4965,0,0,0
8/21/2016,35832,23434,59266,9268,3742,13010,12902,17843,23434,2374,4979,0,0,0
8/22/2016,35883,23435,59318,9323,3748,13071,12889,17822,23435,2379,4990,0,0,0
8/23/2016,35910,23455,59365,9345,3759,13104,12904,17846,23455,2364,4960,0,0,0
8/24/2016,35920,23453,59373,9285,3788,13073,12913,17844,23453,2385,5003,0,0,0
8/25/2016,35879,23435,59314,9284,3784,13068,12913,17833,23435,2372,4978,0,0,0
8/26/2016,35800,23460,59260,9186,3761,12947,12941,17870,23460,2376,4983,0,0,0
8/27/2016,35728,23484,59212,9113,3769,12882,12949,17875,23484,2370,4971,0,0,0
8/28/2016,35804,23433,59237,9206,3774,12980,12917,17833,23433,2379,4991,0,0,0
8/29/2016,35888,23447,59335,9252,3781,13033,12934,17856,23447,2384,4999,0,0,0
8/30/2016,35897,23440,59337,9256,3787,13043,12926,17841,23440,2391,5013,0,0,0
8/31/2016,35974,23503,59477,9269,3789,13058,12957,17888,23503,2399,5028,0,0,0
9/1/2016,35936,23545,59481,9262,3761,13023,12976,17916,23545,2383,4997,0,0,0
9/2/2016,35806,23506,59312,9210,3713,12923,12942,17878,23506,2387,5005,0,0,0
9/3/2016,35803,23500,59303,9197,3728,12925,12955,17889,23500,2378,4989,0,0,0
9/4/2016,35827,23440,59267,9261,3743,13004,12936,17845,23440,2377,4978,0,0,0
9/5/2016,35852,23443,59295,9264,3769,13033,12927,17826,23443,2385,4993,0,0,0
9/6/2016,35876,23419,59295,9300,3773,13073,12916,17802,23419,2389,5001,0,0,0
9/7/2016,35880,23441,59321,9297,3777,13074,12931,17824,23441,2381,4982,0,0,0
9/8/2016,35848,23431,59279,9284,3765,13049,12933,17822,23431,2379,4977,0,0,0
9/9/2016,35902,23511,59413,9273,3773,13046,12967,17868,23511,2384,4988,0,0,0
9/10/2016,35845,23478,59323,9229,3770,12999,12959,17853,23478,2386,4993,0,0,0
9/11/2016,35944,23519,59463,9251,3786,13037,12986,17897,23519,2394,5010,0,0,0
9/12/2016,35968,23536,59504,9253,3793,13046,12996,17910,23536,2395,5012,0,0,0
9/13/2016,35995,23532,59527,9296,3794,13090,12989,17914,23532,2383,4991,0,0,0
9/14/2016,36006,23542,59548,9306,3802,13108,12985,17890,23542,2390,5008,0,0,0
9/15/2016,36075,23587,59662,9322,3790,13112,13026,17938,23587,2398,5025,0,0,0
9/16/2016,36008,23601,59609,9252,3774,13026,13038,17962,23601,2396,5020,0,0,0
9/17/2016,36016,23644,59660,9257,3771,13028,13050,17983,23644,2389,5005,0,0,0
9/18/2016,36094,23604,59698,9300,3796,13096,13040,17966,23604,2402,5032,0,0,0
9/19/2016,36158,23576,59734,9349,3815,13164,13018,17949,23576,2409,5045,0,0,0
9/20/2016,36187,23599,59786,9342,3816,13158,13037,17964,23599,2418,5065,0,0,0
9/21/2016,36237,23616,59853,9347,3820,13167,13062,18011,23616,2414,5059,0,0,0
9/22/2016,36173,23590,59763,9332,3817,13149,13031,17972,23590,2410,5052,0,0,0
9/23/2016,36157,23630,59787,9286,3803,13089,13058,18017,23630,2410,5051,0,0,0
9/24/2016,36050,23574,59624,9237,3813,13050,13027,17975,23574,2397,5025,0,0,0
9/25/2016,36196,23661,59857,9295,3820,13115,13080,18055,23661,2399,5026,0,0,0
9/26/2016,36254,23685,59939,9330,3816,13146,13094,18068,23685,2405,5040,0,0,0
9/27/2016,36181,23603,59784,9328,3827,13155,13048,18009,23603,2395,5017,0,0,0
9/28/2016,36314,23634,59948,9393,3844,13237,13073,18041,23634,2403,5036,0,0,0
9/29/2016,36290,23628,59918,9385,3842,13227,13067,18023,23628,2406,5040,0,0,0
9/30/2016,36169,23601,59770,9321,3819,13140,13059,17998,23601,2402,5031,0,0,0
10/1/2016,36144,23574,59718,9314,3807,13121,13060,17993,23574,2403,5030,0,0,0
10/2/2016,36259,23628,59887,9375,3823,13198,13093,18034,23628,2402,5027,0,0,0
10/3/2016,36240,23551,59791,9379,3846,13225,13066,17985,23551,2404,5030,0,0,0
10/4/2016,36308,23566,59874,9406,3856,13262,13075,18010,23566,2408,5036,0,0,0
10/5/2016,36231,23585,59816,9329,3851,13180,13095,18022,23585,2406,5029,0,0,0
10/6/2016,36285,23643,59928,9340,3855,13195,13124,18054,23643,2409,5036,0,0,0
10/7/2016,36202,23582,59784,9318,3851,13169,13088,17994,23582,2411,5039,0,0,0
10/8/2016,36173,23554,59727,9324,3847,13171,13083,17985,23554,2401,5017,0,0,0
10/9/2016,36280,23607,59887,9360,3852,13212,13115,18040,23607,2406,5028,0,0,0
10/10/2016,36337,23571,59908,9389,3879,13268,13101,18019,23571,2417,5050,0,0,0
10/11/2016,36321,23619,59940,9351,3868,13219,13117,18040,23619,2424,5062,0,0,0
10/12/2016,36370,23592,59962,9416,3887,13303,13098,18011,23592,2422,5056,0,0,0
10/13/2016,36406,23593,59999,9433,3893,13326,13102,18014,23593,2427,5066,0,0,0
10/14/2016,36379,23587,59966,9433,3893,13326,13098,17996,23587,2423,5057,0,0,0
10/15/2016,36334,23554,59888,9404,3884,13288,13074,17972,23554,2431,5074,0,0,0
10/16/2016,36399,23594,59993,9439,3882,13321,13088,18001,23594,2432,5077,0,0,0
10/17/2016,36423,23541,59964,9502,3881,13383,13059,17960,23541,2433,5080,0,0,0
10/18/2016,36463,23554,60017,9518,3903,13421,13066,17977,23554,2426,5065,0,0,0
10/19/2016,36465,23565,60030,9511,3911,13422,13073,17975,23565,2427,5068,0,0,0
10/20/2016,36461,23598,60059,9518,3907,13425,13089,17982,23598,2420,5054,0,0,0
10/21/2016,36262,23545,59807,9468,3904,13372,13034,17906,23545,2387,4984,0,0,0
10/22/2016,36291,23539,59830,9493,3901,13394,13043,17915,23539,2386,4982,0,0,0
10/23/2016,36357,23560,59917,9502,3908,13410,13070,17951,23560,2391,4996,0,0,0
10/24/2016,36301,23597,59898,9521,3792,13313,13084,17970,23597,2401,5018,0,0,0
10/25/2016,36480,23618,60098,9526,3906,13432,13105,18001,23618,2415,5047,0,0,0
10/26/2016,36506,23621,60127,9536,3897,13433,13114,18025,23621,2415,5048,0,0,0
10/27/2016,36556,23677,60233,9524,3903,13427,13143,18065,23677,2423,5064,0,0,0
10/28/2016,36528,23652,60180,9499,3901,13400,13137,18060,23652,2424,5068,0,0,0
10/29/2016,36494,23639,60133,9486,3891,13377,13124,18035,23639,2431,5082,0,0,0
10/30/2016,36581,23662,60243,9522,3899,13421,13139,18067,23662,2437,5093,0,0,0
10/31/2016,36546,23706,60252,9490,3886,13376,13154,18082,23706,2433,5088,0,0,0
11/1/2016,36533,23719,60252,9484,3861,13345,13147,18082,23719,2442,5106,0,0,0
11/2/2016,36520,23711,60231,9464,3872,13336,13131,18065,23711,2447,5119,0,0,0
11/3/2016,36574,23709,60283,9540,3858,13398,13133,18059,23709,2446,5117,0,0,0
11/4/2016,36530,23723,60253,9536,3855,13391,13117,18034,23723,2440,5105,0,0,0
11/5/2016,36546,23726,60272,9544,3861,13405,13116,18041,23726,2437,5100,0,0,0
11/6/2016,36654,23745,60399,9596,3882,13478,13130,18056,23745,2446,5120,0,0,0
11/7/2016,36676,23742,60418,9586,3885,13471,13136,18066,23742,2455,5139,0,0,0
11/8/2016,36663,23710,60373,9594,3878,13472,13130,18057,23710,2453,5134,0,0,0
11/9/2016,36775,23765,60540,9629,3880,13509,13170,18104,23765,2467,5162,0,0,0
11/10/2016,36801,23768,60569,9643,3880,13523,13178,18105,23768,2472,5173,0,0,0
11/11/2016,36793,23785,60578,9601,3886,13487,13197,18131,23785,2473,5175,0,0,0
11/12/2016,36796,23783,60579,9605,3884,13489,13192,18140,23783,2469,5167,0,0,0
11/13/2016,36869,23830,60699,9617,3885,13502,13225,18186,23830,2476,5181,0,0,0
11/14/2016,36867,23807,60674,9622,3889,13511,13200,18158,23807,2483,5198,0,0,0
11/15/2016,36828,23760,60588,9641,3893,13534,13176,18112,23760,2476,5182,0,0,0
11/16/2016,36854,23813,60667,9633,3890,13523,13207,18144,23813,2480,5187,0,0,0
11/17/2016,36900,23809,60709,9647,3897,13544,13212,18156,23809,2483,5200,0,0,0
11/18/2016,36801,23807,60608,9590,3859,13449,13217,18158,23807,2480,5194,0,0,0
11/19/2016,36661,23657,60318,9578,3866,13444,13144,18049,23657,2468,5168,0,0,0
11/20/2016,36762,23662,60424,9635,3883,13518,13145,18065,23662,2473,5179,0,0,0
11/21/2016,36748,23697,60445,9636,3778,13414,13169,18099,23697,2500,5235,0,0,0
11/22/2016,36832,23675,60507,9630,3905,13535,13148,18061,23675,2500,5236,0,0,0
11/23/2016,36824,23680,60504,9622,3870,13492,13156,18077,23680,2509,5255,0,0,0
11/24/2016,36828,23749,60577,9586,3857,13443,13188,18123,23749,2513,5262,0,1,0
11/25/2016,36788,23696,60484,9589,3848,13437,13154,18075,23696,2520,5276,0,0,0
11/26/2016,36803,23701,60504,9589,3857,13446,13157,18085,23701,2519,5272,0,0,0
11/27/2016,36869,23713,60582,9649,3871,13520,13159,18091,23713,2511,5258,0,0,0
11/28/2016,36880,23722,60602,9636,3876,13512,13163,18098,23722,2517,5270,0,0,0
11/29/2016,36856,23697,60553,9637,3887,13524,13153,18086,23697,2505,5246,0,0,0
11/30/2016,36838,23741,60579,9613,3889,13502,13163,18085,23741,2506,5251,0,0,0
12/1/2016,36821,23746,60567,9636,3870,13506,13170,18081,23746,2496,5234,0,0,0
12/2/2016,36793,23770,60563,9586,3861,13447,13187,18102,23770,2502,5244,0,0,0
12/3/2016,36734,23754,60488,9553,3852,13405,13171,18083,23754,2503,5246,0,0,0
12/4/2016,36852,23819,60671,9624,3871,13495,13199,18118,23819,2499,5239,0,0,0
12/5/2016,36898,23788,60686,9640,3879,13519,13189,18110,23788,2514,5269,0,0,0
12/6/2016,36884,23783,60667,9643,3879,13522,13195,18115,23783,2503,5247,0,0,0
12/7/2016,36910,23793,60702,9663,3875,13538,13204,18122,23793,2503,5250,0,0,0
12/8/2016,36896,23727,60623,9682,3869,13551,13179,18077,23727,2511,5268,0,0,0
12/9/2016,36831,23700,60531,9633,3867,13500,13159,18056,23700,2515,5275,0,0,0
12/10/2016,36773,23676,60449,9598,3850,13448,13147,18035,23676,2523,5290,0,0,0
12/11/2016,36779,23605,60384,9646,3854,13500,13108,17991,23605,2522,5288,0,0,0
12/12/2016,36842,23638,60480,9653,3871,13524,13121,18013,23638,2529,5305,0,0,0
12/13/2016,36880,23701,60581,9658,3853,13511,13146,18056,23701,2533,5313,0,0,0
12/14/2016,36924,23738,60662,9664,3871,13535,13151,18084,23738,2530,5305,0,0,0
12/15/2016,36957,23731,60688,9692,3884,13576,13160,18082,23731,2526,5299,0,0,0
12/16/2016,36874,23678,60552,9658,3870,13528,13138,18051,23678,2525,5295,0,0,0
12/17/2016,36807,23640,60447,9628,3859,13487,13105,18015,23640,2530,5305,0,0,0
12/18/2016,36837,23597,60434,9693,3870,13563,13083,17977,23597,2527,5297,0,0,0
12/19/2016,36887,23607,60494,9745,3836,13581,13095,17995,23607,2532,5311,0,0,0
12/20/2016,36830,23571,60401,9727,3850,13577,13076,17964,23571,2521,5289,0,0,0
12/21/2016,36844,23538,60382,9755,3839,13594,13062,17944,23538,2530,5306,0,0,0
12/22/2016,36806,23507,60313,9773,3812,13585,13049,17928,23507,2524,5293,0,0,0
12/23/2016,36699,23473,60172,9722,3804,13526,13021,17890,23473,2519,5283,0,0,0
12/24/2016,36575,23397,59972,9662,3794,13456,12983,17838,23397,2518,5281,0,0,0
12/25/2016,36644,23436,60080,9705,3752,13457,13009,17873,23436,2534,5314,0,0,1
12/26/2016,36716,23390,60106,9772,3776,13548,12984,17832,23389,2544,5337,0,0,0
12/27/2016,36725,23390,60115,9774,3792,13566,12983,17834,23390,2538,5325,0,0,0
12/28/2016,36784,23403,60187,9824,3798,13622,12992,17851,23403,2532,5311,0,0,0
12/29/2016,36746,23395,60141,9798,3790,13588,12986,17846,23395,2533,5312,0,0,0
12/30/2016,36609,23334,59943,9738,3748,13486,12958,17811,23334,2533,5312,0,0,0
12/31/2016,36324,23320,59644,9544,3684,13228,12952,17804,23320,2524,5292,0,0,0
1/1/2017,36560,23335,59895,9713,3720,13433,12965,17827,23335,2528,5300,0,0,0
1/2/2017,36713,23343,60056,9804,3777,13581,12971,17834,23343,2527,5298,0,0,0
1/3/2017,36710,23312,60022,9825,3769,13594,12956,17816,23312,2528,5300,0,0,0
1/4/2017,36733,23308,60041,9850,3787,13637,12951,17804,23308,2523,5292,0,0,0
1/5/2017,36785,23365,60150,9873,3785,13658,12992,17847,23365,2516,5280,0,0,0
1/6/2017,36705,23386,60091,9807,3767,13574,12990,17837,23386,2523,5294,0,0,0
1/7/2017,36764,23451,60215,9810,3783,13593,13013,17870,23451,2526,5301,0,0,0
1/8/2017,36811,23438,60249,9855,3780,13635,13017,17879,23438,2524,5297,0,0,0
1/9/2017,36889,23484,60373,9868,3805,13673,13040,17910,23484,2529,5306,0,0,0
1/10/2017,36821,23416,60237,9859,3813,13672,12998,17848,23416,2526,5301,0,0,0
1/11/2017,36805,23443,60248,9818,3796,13614,13017,17881,23443,2531,5310,0,0,0
1/12/2017,36773,23471,60244,9790,3782,13572,13021,17883,23471,2535,5318,0,0,0
1/13/2017,36760,23499,60259,9797,3774,13571,13033,17901,23499,2521,5288,0,0,0
1/14/2017,36734,23464,60198,9792,3773,13565,13017,17884,23464,2519,5285,0,0,0
1/15/2017,36746,23442,60188,9817,3786,13603,13010,17857,23442,2520,5286,0,0,0
1/16/2017,36684,23431,60115,9860,3685,13545,13008,17852,23431,2520,5287,0,0,0
1/17/2017,36843,23463,60306,9856,3804,13660,13024,17886,23463,2526,5297,0,0,0
1/18/2017,36843,23463,60306,9856,3804,13660,13024,17886,23463,2526,5297,0,0,0
1/19/2017,36820,23455,60275,9876,3793,13669,13000,17853,23455,2527,5298,0,0,0
1/20/2017,36783,23457,60240,9875,3767,13642,13016,17873,23457,2511,5268,0,0,0
1/21/2017,36814,23412,60226,9907,3778,13685,13000,17848,23412,2516,5281,0,0,0
1/22/2017,36814,23412,60226,9907,3778,13685,13000,17848,23412,2516,5281,0,0,0
1/23/2017,36814,23412,60226,9907,3778,13685,13000,17848,23412,2516,5281,0,0,0
1/24/2017,36814,23412,60226,9907,3778,13685,13000,17848,23412,2516,5281,0,0,0
1/25/2017,36814,23412,60226,9907,3778,13685,13000,17848,23412,2516,5281,0,0,0
1/26/2017,36949,23475,60424,9969,3795,13764,13056,17927,23475,2506,5258,0,0,0
1/27/2017,36862,23472,60334,9919,3800,13719,13037,17895,23472,2501,5248,0,0,0
1/28/2017,36814,23432,60246,9885,3810,13695,13013,17866,23432,2502,5253,0,0,0
1/29/2017,36894,23415,60309,9918,3824,13742,13013,17874,23415,2514,5278,0,0,0
1/30/2017,36964,23439,60403,9942,3833,13775,13033,17898,23439,2520,5291,0,0,0
1/31/2017,36897,23424,60321,9913,3827,13740,13021,17887,23424,2509,5270,0,0,0
2/1/2017,36829,23354,60183,9918,3794,13712,12997,17851,23354,2509,5266,0,0,0
2/2/2017,36794,23315,60109,9915,3791,13706,12981,17820,23315,2511,5268,0,0,0
2/3/2017,36755,23318,60073,9886,3797,13683,12980,17831,23318,2497,5241,0,0,0
2/4/2017,36760,23352,60112,9895,3784,13679,12985,17846,23352,2494,5235,0,0,0
2/5/2017,36842,23387,60229,9937,3801,13738,13001,17868,23387,2494,5236,0,0,0
2/6/2017,36931,23399,60330,9966,3833,13799,13000,17880,23399,2499,5252,0,0,0
2/7/2017,36853,23326,60179,9936,3847,13783,12959,17828,23326,2495,5242,0,0,0
2/8/2017,36865,23333,60198,9944,3845,13789,12953,17817,23333,2502,5259,0,0,0
2/9/2017,36959,23352,60311,9978,3849,13827,12978,17849,23352,2514,5283,0,0,0
2/10/2017,36875,23323,60198,9955,3824,13779,12955,17822,23323,2510,5274,0,0,0
2/11/2017,36788,23288,60076,9918,3835,13753,12934,17784,23288,2498,5251,0,0,0
2/12/2017,36844,23267,60111,9972,3858,13830,12915,17753,23267,2503,5261,0,0,0
2/13/2017,36790,23307,60097,9979,3754,13733,12939,17785,23307,2508,5272,0,0,0
2/14/2017,36875,23280,60155,10003,3853,13856,12922,17761,23280,2502,5258,0,0,0
2/15/2017,36859,23267,60126,10016,3845,13861,12909,17730,23267,2507,5268,0,0,0
2/16/2017,36841,23264,60105,10024,3830,13854,12918,17735,23264,2500,5252,0,0,0
2/17/2017,36794,23239,60033,9999,3821,13820,12918,17731,23239,2496,5243,0,0,0
2/18/2017,36734,23242,59976,9949,3826,13775,12918,17730,23242,2489,5229,0,0,0
2/19/2017,36756,23210,59966,9996,3820,13816,12908,17723,23210,2483,5217,0,0,0
2/20/2017,36830,23218,60048,10012,3833,13845,12913,17731,23218,2500,5254,0,0,0
2/21/2017,36843,23218,60061,10038,3820,13858,12897,17724,23218,2503,5261,0,0,0
2/22/2017,36802,23170,59972,10031,3833,13864,12867,17677,23170,2504,5261,0,0,0
2/23/2017,36773,23182,59955,10021,3810,13831,12881,17680,23182,2503,5262,0,0,0
2/24/2017,36690,23153,59843,9951,3796,13747,12876,17676,23153,2505,5267,0,0,0
2/25/2017,36705,23161,59866,9963,3794,13757,12885,17688,23161,2501,5260,0,0,0
2/26/2017,36781,23163,59944,10029,3817,13846,12882,17677,23163,2500,5258,0,0,0
2/27/2017,36796,23201,59997,10036,3815,13851,12885,17684,23201,2501,5261,0,0,0
2/28/2017,36764,23145,59909,10042,3826,13868,12858,17647,23145,2495,5249,0,0,0
3/1/2017,36673,23157,59830,9970,3793,13763,12863,17650,23157,2501,5260,0,0,0
3/2/2017,36693,23101,59794,10000,3796,13796,12837,17621,23101,2508,5276,0,0,0
3/3/2017,36674,23083,59757,9985,3803,13788,12826,17615,23083,2506,5271,0,0,0
3/4/2017,36659,23079,59738,9984,3813,13797,12823,17605,23079,2500,5257,0,0,0
3/5/2017,36686,23072,59758,10004,3817,13821,12818,17602,23072,2503,5263,0,0,0
3/6/2017,36793,23117,59910,10057,3829,13886,12849,17637,23117,2509,5270,0,0,0
3/7/2017,36738,23104,59842,10075,3825,13900,12842,17610,23104,2488,5228,0,0,0
3/8/2017,36694,23041,59735,10056,3825,13881,12832,17584,23041,2487,5229,0,0,0
3/9/2017,36740,23053,59793,10044,3833,13877,12843,17626,23053,2492,5237,0,0,0
3/10/2017,36636,22961,59597,10031,3814,13845,12800,17551,22961,2493,5240,0,0,0
3/11/2017,36632,22998,59630,10008,3804,13812,12822,17585,22998,2491,5235,0,0,0
3/12/2017,36588,22994,59582,10050,3696,13746,12821,17586,22994,2500,5256,0,0,0
3/13/2017,36819,23032,59851,10083,3836,13919,12830,17603,23032,2520,5297,0,0,0
3/14/2017,36848,23012,59860,10085,3863,13948,12815,17591,23012,2526,5309,0,0,0
3/15/2017,36864,22966,59830,10152,3869,14021,12788,17553,22966,2517,5290,0,0,0
3/16/2017,36787,22973,59760,10107,3859,13966,12784,17548,22973,2509,5273,0,0,0
3/17/2017,36714,22972,59686,10069,3844,13913,12788,17549,22972,2500,5252,0,0,0
3/18/2017,36605,22859,59464,10073,3838,13911,12737,17469,22859,2487,5225,0,0,0
3/19/2017,36614,22875,59489,10086,3838,13924,12739,17464,22875,2488,5226,0,0,0
3/20/2017,36661,22876,59537,10089,3841,13930,12742,17476,22876,2500,5255,0,0,0
3/21/2017,36584,22790,59374,10088,3847,13935,12694,17411,22790,2494,5238,0,0,0
3/22/2017,36590,22787,59377,10110,3842,13952,12690,17396,22787,2495,5242,0,0,0
3/23/2017,36590,22814,59404,10101,3837,13938,12706,17423,22814,2490,5229,0,0,0
3/24/2017,36527,22754,59281,10079,3821,13900,12674,17381,22754,2498,5246,0,0,0
3/25/2017,36449,22709,59158,10034,3816,13850,12654,17347,22709,2501,5252,0,0,0
3/26/2017,36516,22728,59244,10068,3829,13897,12662,17349,22728,2507,5270,0,0,0
3/27/2017,36594,22761,59355,10097,3840,13937,12684,17387,22761,2507,5270,0,0,0
3/28/2017,36552,22701,59253,10095,3846,13941,12657,17353,22701,2502,5258,0,0,0
3/29/2017,36521,22723,59244,10067,3820,13887,12668,17364,22723,2507,5270,0,0,0
3/30/2017,36517,22723,59240,10083,3808,13891,12669,17356,22723,2506,5270,0,0,0
3/31/2017,36393,22649,59042,10046,3774,13820,12631,17303,22649,2507,5270,0,0,0
4/1/2017,36234,22540,58774,10012,3782,13794,12571,17198,22540,2495,5242,0,0,0
4/2/2017,36232,22561,58793,9980,3790,13770,12584,17216,22561,2496,5246,0,0,0
4/3/2017,36392,22591,58983,10112,3801,13913,12605,17250,22591,2487,5229,0,0,0
4/4/2017,36392,22571,58963,10090,3798,13888,12594,17237,22571,2505,5267,0,0,0
4/5/2017,36408,22557,58965,10099,3815,13914,12585,17214,22557,2512,5280,0,0,0
4/6/2017,36397,22484,58881,10134,3825,13959,12552,17175,22484,2501,5263,0,0,0
4/7/2017,36348,22455,58803,10120,3805,13925,12542,17162,22455,2500,5261,0,0,0
4/8/2017,36325,22465,58790,10108,3800,13908,12541,17163,22465,2497,5254,0,0,0
4/9/2017,36378,22494,58872,10119,3820,13939,12553,17186,22494,2495,5253,0,0,0
4/10/2017,36412,22506,58918,10122,3813,13935,12557,17197,22506,2508,5280,0,0,0
4/11/2017,36388,22481,58869,10110,3808,13918,12560,17215,22481,2496,5255,0,0,0
4/12/2017,36354,22439,58793,10102,3823,13925,12529,17164,22439,2501,5265,0,0,0
4/13/2017,36354,22439,58793,10102,3823,13925,12529,17164,22439,2501,5265,0,0,0
4/14/2017,36354,22439,58793,10102,3823,13925,12529,17164,22439,2501,5265,0,0,0
4/15/2017,36354,22439,58793,10102,3823,13925,12529,17164,22439,2501,5265,0,0,0
4/16/2017,36354,22439,58793,10102,3823,13925,12529,17164,22439,2501,5265,1,0,0
4/17/2017,36354,22439,58793,10102,3823,13925,12529,17164,22439,2501,5265,0,0,0
4/18/2017,36466,22369,58835,10195,3825,14020,12478,17121,22369,2529,5325,0,0,0
4/19/2017,36533,22388,58921,10218,3842,14060,12497,17140,22388,2533,5333,0,0,0
4/20/2017,36521,22409,58930,10186,3846,14032,12511,17147,22409,2536,5342,0,0,0
4/21/2017,36475,22385,58860,10153,3810,13963,12501,17142,22385,2550,5370,0,0,0
4/22/2017,36511,22416,58927,10146,3824,13970,12516,17173,22416,2548,5368,0,0,0
4/23/2017,36573,22458,59031,10175,3825,14000,12546,17212,22458,2545,5361,0,0,0
4/24/2017,36614,22437,59051,10198,3828,14026,12536,17203,22437,2557,5385,0,0,0
4/25/2017,36573,22465,59038,10193,3842,14035,12536,17207,22465,2532,5331,0,0,0
4/26/2017,36556,22455,59011,10175,3837,14012,12530,17189,22455,2542,5355,0,0,0
4/27/2017,36586,22473,59059,10176,3826,14002,12556,17226,22473,2542,5358,0,0,0
4/28/2017,36470,22457,58927,10074,3823,13897,12562,17236,22457,2533,5337,0,0,0
4/29/2017,36363,22393,58756,10075,3813,13888,12509,17161,22393,2521,5314,0,0,0
4/30/2017,36486,22392,58878,10152,3819,13971,12508,17165,22392,2540,5350,0,0,0
5/1/2017,36477,22415,58892,10123,3802,13925,12527,17197,22415,2543,5355,0,0,0
5/2/2017,36367,22335,58702,10171,3795,13966,12479,17136,22335,2498,5265,0,0,0
5/3/2017,36426,22377,58803,10160,3810,13970,12502,17164,22377,2512,5292,0,0,0
5/4/2017,36347,22357,58704,10166,3799,13965,12484,17139,22357,2488,5243,0,0,0
5/5/2017,36243,22300,58543,10149,3791,13940,12452,17077,22300,2478,5226,0,0,0
5/6/2017,36204,22302,58506,10101,3810,13911,12443,17050,22302,2486,5243,0,0,0
5/7/2017,36299,22345,58644,10165,3821,13986,12454,17073,22345,2485,5240,0,0,0
5/8/2017,36364,22389,58753,10189,3821,14010,12472,17096,22389,2494,5258,0,0,0
5/9/2017,36342,22379,58721,10157,3837,13994,12460,17092,22379,2493,5256,0,0,0
5/10/2017,36331,22414,58745,10177,3762,13939,12492,17124,22414,2498,5268,0,0,0
5/11/2017,36347,22403,58750,10168,3817,13985,12488,17103,22403,2494,5259,0,0,0
5/12/2017,36295,22351,58646,10149,3815,13964,12456,17063,22351,2498,5268,0,0,0
5/13/2017,36337,22358,58695,10183,3817,14000,12469,17085,22358,2491,5252,0,0,0
5/14/2017,36337,22358,58695,10183,3817,14000,12469,17085,22358,2491,5252,0,0,0
5/15/2017,36307,22312,58619,10177,3811,13988,12437,17055,22312,2498,5264,0,0,0
5/16/2017,36338,22296,58634,10189,3846,14035,12435,17050,22296,2493,5253,0,0,0
5/17/2017,36435,22374,58809,10197,3848,14045,12489,17121,22374,2500,5269,0,0,0
5/18/2017,36344,22323,58667,10168,3826,13994,12454,17084,22323,2499,5266,0,0,0
5/19/2017,36312,22309,58621,10150,3812,13962,12457,17079,22309,2501,5271,0,0,0
5/20/2017,36358,22335,58693,10162,3825,13987,12482,17107,22335,2496,5264,0,0,0
5/21/2017,36396,22307,58703,10190,3831,14021,12476,17096,22307,2504,5279,0,0,0
5/22/2017,36421,22295,58716,10216,3848,14064,12463,17094,22295,2496,5263,0,0,0
5/23/2017,36324,22257,58581,10204,3834,14038,12436,17053,22257,2481,5233,0,0,0
5/24/2017,36324,22257,58581,10204,3834,14038,12436,17053,22257,2481,5233,0,0,0
5/25/2017,36324,22257,58581,10204,3834,14038,12436,17053,22257,2481,5233,0,0,0
5/26/2017,36324,22257,58581,10204,3834,14038,12436,17053,22257,2481,5233,0,0,0
5/27/2017,36324,22257,58581,10204,3834,14038,12436,17053,22257,2481,5233,0,0,0
5/28/2017,36254,22287,58541,10134,3826,13960,12476,17091,22287,2465,5203,0,0,0
5/29/2017,36292,22258,58550,10217,3828,14045,12456,17058,22258,2458,5189,0,0,0
5/30/2017,36291,22214,58505,10230,3849,14079,12430,17021,22214,2459,5191,0,0,0
5/31/2017,36233,22179,58412,10219,3839,14058,12413,16993,22179,2455,5182,0,0,0
6/1/2017,36112,22149,58261,10139,3811,13950,12419,16989,22149,2452,5173,0,0,0
6/2/2017,36121,22201,58322,10100,3787,13887,12443,17032,22201,2465,5202,0,0,0
6/3/2017,36056,22144,58200,10102,3780,13882,12408,16989,22144,2457,5185,0,0,0
6/4/2017,36186,22163,58349,10175,3805,13980,12426,17011,22163,2462,5195,0,0,0
6/5/2017,36280,22194,58474,10220,3820,14040,12433,17022,22194,2473,5218,0,0,0
6/6/2017,36149,22153,58302,10221,3713,13934,12406,16992,22153,2474,5223,0,0,0
6/7/2017,36290,22173,58463,10223,3829,14052,12433,17016,22173,2473,5222,0,0,0
6/8/2017,36281,22100,58381,10237,3841,14078,12398,16967,22100,2480,5236,0,0,0
6/9/2017,36194,22104,58298,10181,3822,14003,12411,16978,22104,2470,5213,0,0,0
6/10/2017,36121,22089,58210,10127,3812,13939,12393,16954,22089,2476,5228,0,0,0
6/11/2017,36151,22106,58257,10137,3827,13964,12401,16970,22106,2470,5217,0,0,0
6/12/2017,36147,22091,58238,10150,3813,13963,12400,16966,22091,2469,5218,0,0,0
6/13/2017,36126,22042,58168,10131,3837,13968,12362,16926,22042,2477,5232,0,0,0
6/14/2017,36167,22097,58264,10150,3824,13974,12396,16956,22097,2479,5237,0,0,0
6/15/2017,36168,22082,58250,10171,3826,13997,12386,16948,22082,2474,5223,0,0,0
6/16/2017,36104,22091,58195,10121,3802,13923,12398,16985,22091,2460,5196,0,0,0
6/17/2017,36112,22068,58180,10141,3802,13943,12388,16971,22068,2461,5198,0,0,0
6/18/2017,36165,22119,58284,10135,3818,13953,12414,17002,22119,2467,5210,0,0,0
6/19/2017,36260,22144,58404,10189,3834,14023,12422,17022,22144,2469,5215,0,0,0
6/20/2017,36182,22036,58218,10181,3827,14008,12375,16951,22036,2473,5223,0,0,0
6/21/2017,36178,22067,58245,10180,3818,13998,12394,16965,22067,2470,5215,0,0,0
6/22/2017,36178,22067,58245,10180,3818,13998,12394,16965,22067,2470,5215,0,0,0
6/23/2017,36178,22067,58245,10180,3818,13998,12394,16965,22067,2470,5215,0,0,0
6/24/2017,36178,22067,58245,10180,3818,13998,12394,16965,22067,2470,5215,0,0,0
6/25/2017,36173,22117,58290,10177,3796,13973,12406,16981,22117,2471,5219,0,0,0
6/26/2017,36154,22119,58273,10173,3793,13966,12407,16992,22119,2460,5196,0,0,0
6/27/2017,36209,22142,58351,10220,3823,14043,12404,16995,22142,2448,5171,0,0,0
6/28/2017,36190,22179,58369,10185,3800,13985,12439,17030,22179,2449,5175,0,0,0
6/29/2017,36184,22187,58371,10162,3818,13980,12443,17039,22187,2444,5165,0,0,0
6/30/2017,35994,22165,58159,10056,3782,13838,12439,17021,22165,2431,5135,0,0,0
7/1/2017,35976,22165,58141,10059,3776,13835,12418,17004,22165,2432,5137,0,0,0
7/2/2017,36007,22127,58134,10079,3809,13888,12388,16970,22127,2437,5149,0,0,0
7/3/2017,36013,22088,58101,10066,3811,13877,12371,16957,22088,2450,5179,0,0,0
7/4/2017,35890,22047,57937,10008,3796,13804,12349,16933,22047,2438,5153,0,0,0
7/5/2017,36054,22074,58128,10073,3830,13903,12365,16955,22074,2459,5196,0,0,0
7/6/2017,36082,22078,58160,10117,3832,13949,12368,16952,22078,2452,5181,0,0,0
7/7/2017,36042,22111,58153,10069,3818,13887,12382,16967,22111,2456,5188,0,0,0
7/8/2017,36015,22142,58157,10030,3803,13833,12398,17003,22142,2452,5179,0,0,0
7/9/2017,36111,22139,58250,10107,3824,13931,12387,16981,22139,2463,5199,0,0,0
7/10/2017,36138,22135,58273,10097,3840,13937,12393,16997,22135,2465,5204,0,0,0
7/11/2017,36136,22135,58271,10092,3843,13935,12385,16977,22135,2475,5224,0,0,0
7/12/2017,36144,22175,58319,10104,3844,13948,12395,16989,22175,2467,5207,0,0,0
7/13/2017,36101,22156,58257,10099,3835,13934,12384,16957,22156,2467,5210,0,0,0
7/14/2017,36142,22214,58356,10077,3837,13914,12428,17017,22214,2469,5211,0,0,0
7/15/2017,36140,22236,58376,10051,3834,13885,12448,17048,22236,2468,5207,0,0,0
7/16/2017,36225,22254,58479,10095,3862,13957,12452,17058,22254,2469,5210,0,0,0
7/17/2017,36249,22234,58483,10141,3868,14009,12435,17030,22234,2469,5210,0,0,0
7/18/2017,36217,22200,58417,10156,3860,14016,12421,17004,22200,2462,5197,0,0,0
7/19/2017,36262,22220,58482,10125,3872,13997,12442,17052,22220,2469,5213,0,0,0
7/20/2017,36275,22223,58498,10154,3883,14037,12431,17034,22223,2466,5204,0,0,0
7/21/2017,36229,22209,58438,10102,3864,13966,12435,17033,22209,2477,5230,0,0,0
7/22/2017,36221,22229,58450,10080,3859,13939,12452,17044,22229,2480,5238,0,0,0
7/23/2017,36283,22207,58490,10130,3880,14010,12438,17023,22207,2486,5250,0,0,0
7/24/2017,36307,22184,58491,10154,3895,14049,12417,17004,22184,2489,5254,0,0,0
7/25/2017,36311,22204,58515,10184,3877,14061,12416,17004,22204,2486,5246,0,0,0
7/26/2017,36352,22223,58575,10183,3896,14079,12431,17023,22223,2488,5250,0,0,0
7/27/2017,36364,22231,58595,10187,3894,14081,12433,17023,22231,2492,5260,0,0,0
7/28/2017,36278,22235,58513,10096,3885,13981,12431,17029,22235,2495,5268,0,0,0
7/29/2017,36269,22222,58491,10093,3893,13986,12423,17022,22222,2494,5261,0,0,0
7/30/2017,36324,22229,58553,10132,3901,14033,12429,17032,22229,2493,5259,0,0,0
7/31/2017,36342,22232,58574,10132,3905,14037,12423,17025,22232,2503,5280,0,0,0
8/1/2017,36195,22170,58365,10085,3872,13957,12379,16962,22170,2501,5276,0,0,0
8/2/2017,36292,22156,58448,10125,3900,14025,12393,16979,22156,2507,5288,0,0,0
8/3/2017,36293,22235,58528,10084,3892,13976,12424,17022,22235,2509,5295,0,0,0
8/4/2017,36272,22247,58519,10045,3883,13928,12429,17042,22247,2512,5302,0,0,0
8/5/2017,36296,22266,58562,10044,3889,13933,12444,17064,22266,2511,5299,0,0,0
8/6/2017,36467,22298,58765,10149,3910,14059,12464,17094,22298,2517,5314,0,0,0
8/7/2017,36505,22298,58803,10205,3911,14116,12462,17093,22298,2509,5296,0,0,0
8/8/2017,36467,22261,58728,10209,3911,14120,12435,17062,22261,2504,5285,0,0,0
8/9/2017,36435,22240,58675,10187,3908,14095,12431,17047,22240,2508,5293,0,0,0
8/10/2017,36508,22328,58836,10196,3914,14110,12482,17096,22328,2513,5302,0,0,0
8/11/2017,36431,22302,58733,10133,3893,14026,12476,17089,22302,2519,5316,0,0,0
8/12/2017,36439,22313,58752,10130,3892,14022,12480,17095,22313,2521,5322,0,0,0
8/13/2017,36554,22362,58916,10204,3904,14108,12508,17135,22362,2515,5311,0,0,0
8/14/2017,36622,22357,58979,10245,3913,14158,12504,17136,22357,2525,5328,0,0,0
8/15/2017,36626,22349,58975,10241,3927,14168,12501,17128,22349,2526,5330,0,0,0
8/16/2017,36688,22426,59114,10251,3927,14178,12529,17166,22426,2533,5344,0,0,0
8/17/2017,36590,22355,58945,10239,3924,14163,12501,17125,22355,2511,5302,0,0,0
8/18/2017,36517,22359,58876,10184,3892,14076,12500,17129,22359,2516,5312,0,0,0
8/19/2017,36475,22327,58802,10162,3895,14057,12484,17107,22327,2516,5311,0,0,0
8/20/2017,36591,22366,58957,10222,3906,14128,12502,17140,22366,2522,5323,0,0,0
8/21/2017,36665,22387,59052,10248,3919,14167,12518,17165,22387,2527,5333,0,0,0
8/22/2017,36612,22380,58992,10232,3900,14132,12510,17164,22380,2519,5316,0,0,0
8/23/2017,36653,22418,59071,10223,3925,14148,12531,17188,22418,2520,5317,0,0,0
8/24/2017,36674,22452,59126,10244,3919,14163,12542,17196,22452,2518,5315,0,0,0
8/25/2017,36640,22472,59112,10191,3932,14123,12558,17212,22472,2513,5305,0,0,0
8/26/2017,36601,22426,59027,10170,3951,14121,12545,17184,22426,2509,5296,0,0,0
8/27/2017,36685,22418,59103,10242,3979,14221,12541,17176,22418,2506,5288,0,0,0
8/28/2017,36776,22495,59271,10249,3979,14228,12584,17245,22495,2513,5303,0,0,0
8/29/2017,36799,22512,59311,10265,3981,14246,12575,17219,22512,2530,5334,0,0,0
8/30/2017,36881,22631,59512,10258,3982,14240,12642,17311,22631,2528,5330,0,0,0
8/31/2017,36878,22624,59502,10272,3995,14267,12640,17308,22624,2514,5303,0,0,0
9/1/2017,36697,22655,59352,10142,3919,14061,12666,17344,22655,2507,5292,0,0,0
9/2/2017,36644,22627,59271,10146,3913,14059,12650,17315,22627,2495,5270,0,0,0
9/3/2017,36805,22675,59480,10224,3936,14160,12676,17349,22675,2506,5296,0,0,0
9/4/2017,36761,22640,59401,10240,3947,14187,12639,17295,22640,2498,5279,0,0,0
9/5/2017,36844,22712,59556,10238,3955,14193,12683,17371,22712,2498,5280,0,0,0
9/6/2017,36825,22689,59514,10262,3949,14211,12656,17354,22689,2488,5260,0,0,0
9/7/2017,36845,22730,59575,10228,3950,14178,12687,17381,22730,2502,5286,0,0,0
9/8/2017,36818,22779,59597,10218,3924,14142,12687,17369,22779,2512,5307,0,0,0
9/9/2017,36757,22773,59530,10168,3920,14088,12685,17367,22773,2510,5302,0,0,0
9/10/2017,36859,22766,59625,10234,3950,14184,12693,17375,22766,2509,5300,0,0,0
9/11/2017,36962,22870,59832,10230,3951,14181,12736,17446,22870,2526,5335,0,0,0
9/12/2017,36952,22823,59775,10250,3948,14198,12716,17414,22823,2529,5340,0,0,0
9/13/2017,36972,22840,59812,10240,3972,14212,12728,17428,22840,2525,5332,0,0,0
9/14/2017,36990,22873,59863,10236,3979,14215,12734,17427,22873,2532,5348,0,0,0
9/15/2017,36942,22869,59811,10201,3967,14168,12737,17431,22869,2529,5343,0,0,0
9/16/2017,36937,22898,59835,10189,3947,14136,12747,17448,22898,2533,5353,0,0,0
9/17/2017,37044,22927,59971,10253,3962,14215,12766,17475,22927,2534,5354,0,0,0
9/18/2017,37016,22866,59882,10250,3978,14228,12732,17432,22866,2535,5356,0,0,0
9/19/2017,37043,22923,59966,10257,3994,14251,12755,17473,22923,2517,5319,0,0,0
9/20/2017,37067,22952,60019,10251,3989,14240,12776,17484,22952,2526,5343,0,0,0
9/21/2017,37125,22991,60116,10266,3988,14254,12805,17525,22991,2528,5346,0,0,0
9/22/2017,37033,23007,60040,10207,3974,14181,12805,17522,23007,2521,5330,0,0,0
9/23/2017,37035,23079,60114,10188,3961,14149,12839,17564,23079,2517,5322,0,0,0
9/24/2017,37087,23024,60111,10262,3982,14244,12807,17516,23024,2520,5327,0,0,0
9/25/2017,37076,22945,60021,10268,4003,14271,12774,17479,22945,2520,5326,0,0,0
9/26/2017,37085,22971,60056,10264,4000,14264,12796,17486,22971,2524,5335,0,0,0
9/27/2017,37090,23004,60094,10267,3986,14253,12818,17510,23004,2521,5327,0,0,0
9/28/2017,37112,23031,60143,10259,4000,14259,12843,17545,23031,2513,5308,0,0,0
9/29/2017,36935,22987,59922,10142,3971,14113,12812,17511,22987,2514,5311,0,0,0
9/30/2017,36959,22930,59889,10197,3968,14165,12795,17489,22930,2511,5305,0,0,0
10/1/2017,37059,23038,60097,10197,3998,14195,12851,17569,23038,2507,5295,0,0,0
10/2/2017,37043,23002,60045,10223,3997,14220,12818,17542,23002,2500,5281,0,0,0
10/3/2017,37064,23084,60148,10234,3995,14229,12843,17563,23084,2497,5272,0,0,0
10/4/2017,37146,23068,60214,10266,4030,14296,12838,17551,23068,2509,5299,0,0,0
10/5/2017,37064,22987,60051,10257,4035,14292,12799,17500,22987,2496,5272,0,0,0
10/6/2017,37008,23042,60050,10191,3996,14187,12822,17540,23042,2500,5281,0,0,0
10/7/2017,36932,22953,59885,10170,4008,14178,12797,17508,22953,2484,5246,0,0,0
10/8/2017,37043,22967,60010,10249,4039,14288,12801,17504,22967,2486,5251,0,0,0
10/9/2017,37125,22964,60089,10280,4057,14337,12804,17538,22964,2486,5250,0,0,0
10/10/2017,37192,23045,60237,10276,4055,14331,12845,17591,23045,2495,5270,0,0,0
10/11/2017,37264,23086,60350,10308,4075,14383,12866,17610,23086,2496,5271,0,0,0
10/12/2017,37267,23067,60334,10301,4087,14388,12857,17591,23067,2505,5288,0,0,0
10/13/2017,37219,23098,60317,10272,4069,14341,12863,17594,23098,2504,5284,0,0,0
10/14/2017,37064,23083,60147,10209,4022,14231,12857,17577,23083,2491,5256,0,0,0
10/15/2017,37197,23138,60335,10248,4044,14292,12899,17642,23138,2495,5263,0,0,0
10/16/2017,37298,23138,60436,10286,4062,14348,12914,17668,23138,2504,5282,0,0,0
10/17/2017,37182,23123,60305,10281,3928,14209,12907,17667,23123,2515,5306,0,0,0
10/18/2017,37353,23172,60525,10275,4067,14342,12935,17702,23172,2518,5309,0,0,0
10/19/2017,37352,23173,60525,10282,4064,14346,12954,17713,23173,2511,5293,0,0,0
10/20/2017,37274,23173,60447,10220,4043,14263,12945,17717,23173,2512,5294,0,0,0
10/21/2017,37291,23228,60519,10246,4025,14271,12963,17740,23228,2504,5280,0,0,0
10/22/2017,37355,23182,60537,10303,4060,14363,12944,17721,23182,2499,5271,0,0,0
10/23/2017,37287,23071,60358,10299,4068,14367,12895,17655,23071,2496,5265,0,0,0
10/24/2017,37325,23056,60381,10317,4071,14388,12895,17644,23056,2509,5293,0,0,0
10/25/2017,37331,23121,60452,10306,4061,14367,12914,17659,23121,2516,5305,0,0,0
10/26/2017,37326,23131,60457,10330,4065,14395,12912,17639,23131,2511,5292,0,0,0
10/27/2017,37160,23056,60216,10252,4041,14293,12884,17603,23056,2498,5264,0,0,0
10/28/2017,37135,23047,60182,10236,4044,14280,12870,17593,23047,2497,5262,0,0,0
10/29/2017,37250,23060,60310,10316,4051,14367,12879,17606,23060,2504,5277,0,0,0
10/30/2017,37282,23069,60351,10339,4063,14402,12887,17616,23069,2497,5264,0,0,0
10/31/2017,37182,22996,60178,10305,4052,14357,12845,17560,22996,2497,5265,0,0,0
11/1/2017,37121,22988,60109,10283,4031,14314,12837,17546,22988,2495,5261,0,0,0
11/2/2017,37088,22905,59993,10285,4040,14325,12799,17492,22905,2500,5271,0,0,0
11/3/2017,37088,22905,59993,10285,4040,14325,12799,17492,22905,2500,5271,0,0,0
11/4/2017,37088,22905,59993,10285,4040,14325,12799,17492,22905,2500,5271,0,0,0
11/5/2017,37122,22944,60066,10307,4031,14338,12818,17522,22944,2496,5262,0,0,0
11/6/2017,37252,23013,60265,10330,4040,14370,12869,17597,23013,2506,5285,0,0,0
11/7/2017,37270,22947,60217,10370,4063,14433,12837,17553,22947,2506,5284,0,0,0
11/8/2017,37303,22976,60279,10366,4069,14435,12864,17589,22976,2505,5279,0,0,0
11/9/2017,37264,22954,60218,10377,4069,14446,12841,17550,22954,2501,5268,0,0,0
11/10/2017,37282,22966,60248,10373,4077,14450,12860,17575,22966,2494,5257,0,0,0
11/11/2017,37146,22932,60078,10336,4044,14380,12829,17534,22932,2481,5232,0,0,0
11/12/2017,37275,23012,60287,10381,4062,14443,12866,17586,23012,2489,5246,0,0,0
11/13/2017,37340,22965,60305,10439,4078,14517,12847,17570,22965,2492,5253,0,0,0
11/14/2017,37360,22965,60325,10436,4091,14527,12834,17560,22965,2501,5273,0,0,0
11/15/2017,37364,22988,60352,10432,4075,14507,12842,17555,22988,2514,5302,0,0,0
11/16/2017,37387,22994,60381,10460,4092,14552,12844,17554,22994,2503,5281,0,0,0
11/17/2017,37387,22994,60381,10460,4092,14552,12844,17554,22994,2503,5281,0,0,0
11/18/2017,37268,22895,60163,10450,4079,14529,12789,17464,22895,2502,5275,0,0,0
11/19/2017,37278,22930,60208,10437,4066,14503,12806,17487,22930,2509,5288,0,0,0
11/20/2017,37395,22968,60363,10501,4059,14560,12825,17530,22968,2517,5305,0,0,0
11/21/2017,37414,22954,60368,10499,4076,14575,12833,17549,22954,2511,5290,0,0,0
11/22/2017,37371,22945,60316,10495,4056,14551,12832,17534,22945,2507,5286,0,0,0
11/23/2017,37279,22936,60215,10410,4056,14466,12833,17534,22936,2504,5279,0,1,0
11/24/2017,37328,22933,60261,10460,4066,14526,12820,17517,22933,2507,5285,0,0,0
11/25/2017,37250,22863,60113,10465,4058,14523,12773,17451,22863,2503,5276,0,0,0
11/26/2017,37321,22858,60179,10510,4084,14594,12762,17442,22858,2508,5285,0,0,0
11/27/2017,37394,22885,60279,10531,4094,14625,12785,17482,22885,2509,5287,0,0,0
11/28/2017,37433,22908,60341,10540,4095,14635,12799,17498,22908,2516,5300,0,0,0
11/29/2017,37464,22911,60375,10542,4116,14658,12792,17484,22911,2526,5322,0,0,0
11/30/2017,37400,22830,60230,10531,4105,14636,12773,17451,22830,2522,5313,0,0,0
12/1/2017,37262,22887,60149,10449,4067,14516,12784,17455,22887,2510,5291,0,0,0
12/2/2017,37259,22905,60164,10490,4056,14546,12794,17467,22905,2489,5246,0,0,0
12/3/2017,37372,22916,60288,10534,4078,14612,12810,17492,22916,2498,5268,0,0,0
12/4/2017,37414,22934,60348,10525,4070,14595,12826,17521,22934,2512,5298,0,0,0
12/5/2017,37413,22918,60331,10531,4077,14608,12810,17517,22918,2507,5288,0,0,0
12/6/2017,37569,22966,60535,10600,4114,14714,12844,17565,22966,2506,5290,0,0,0
12/7/2017,37516,22936,60452,10579,4112,14691,12827,17540,22936,2506,5285,0,0,0
12/8/2017,37438,22903,60341,10572,4081,14653,12809,17516,22903,2497,5269,0,0,0
12/9/2017,37442,22927,60369,10562,4077,14639,12825,17537,22927,2496,5266,0,0,0
12/10/2017,37528,22980,60508,10604,4077,14681,12848,17570,22980,2503,5277,0,0,0
12/11/2017,37528,22980,60508,10604,4077,14681,12848,17570,22980,2503,5277,0,0,0
12/12/2017,37522,22929,60451,10606,4098,14704,12822,17532,22929,2507,5286,0,0,0
12/13/2017,37594,22916,60510,10648,4109,14757,12821,17533,22916,2517,5304,0,0,0
12/14/2017,37646,22947,60593,10665,4119,14784,12826,17542,22947,2524,5320,0,0,0
12/15/2017,37628,22957,60585,10641,4093,14734,12833,17557,22957,2532,5337,0,0,0
12/16/2017,37521,22926,60447,10577,4093,14670,12819,17536,22926,2520,5315,0,0,0
12/17/2017,37580,22929,60509,10628,4100,14728,12815,17541,22929,2520,5311,0,0,0
12/18/2017,37575,22905,60480,10626,4103,14729,12806,17526,22905,2522,5320,0,0,0
12/19/2017,37523,22835,60358,10634,4093,14727,12772,17489,22835,2516,5307,0,0,0
12/20/2017,37530,22829,60359,10650,4094,14744,12774,17478,22829,2515,5308,0,0,0
12/21/2017,37563,22820,60383,10643,4092,14735,12785,17487,22820,2530,5341,0,0,0
12/22/2017,37484,22824,60308,10621,4080,14701,12765,17467,22824,2517,5316,0,0,0
12/23/2017,37391,22785,60176,10584,4055,14639,12744,17438,22785,2517,5314,0,0,0
12/24/2017,37401,22806,60207,10589,4049,14638,12755,17453,22806,2516,5310,0,0,0
12/25/2017,37456,22830,60286,10621,4051,14672,12774,17471,22830,2518,5313,0,0,1
12/26/2017,37468,22760,60228,10660,4069,14729,12742,17415,22760,2523,5324,0,0,0
12/27/2017,37365,22668,60033,10632,4086,14718,12684,17345,22668,2512,5302,0,0,0
12/28/2017,37387,22692,60079,10657,4051,14708,12710,17375,22692,2513,5304,0,0,0
12/29/2017,37356,22694,60050,10632,4034,14666,12722,17384,22694,2513,5306,0,0,0
12/30/2017,37322,22695,60017,10627,4030,14657,12716,17384,22695,2503,5281,0,0,0
12/31/2017,37248,22685,59933,10564,4012,14576,12707,17379,22685,2507,5293,0,0,0
1/1/2018,37388,22711,60099,10644,4039,14683,12721,17396,22711,2516,5309,0,0,0
1/2/2018,37444,22682,60126,10695,4064,14759,12706,17377,22682,2516,5308,0,0,0
1/3/2018,37301,22542,59843,10684,4047,14731,12619,17279,22542,2507,5291,0,0,0
1/4/2018,37461,22636,60097,10706,4061,14767,12691,17385,22636,2516,5309,0,0,0
1/5/2018,37354,22566,59920,10688,4049,14737,12638,17303,22566,2517,5314,0,0,0
1/6/2018,37313,22579,59892,10686,4027,14713,12644,17312,22579,2504,5288,0,0,0
1/7/2018,37435,22657,60092,10698,4044,14742,12693,17388,22657,2512,5305,0,0,0
1/8/2018,37505,22655,60160,10715,4079,14794,12696,17398,22655,2514,5313,0,0,0
1/9/2018,37449,22595,60044,10746,4064,14810,12664,17350,22595,2505,5289,0,0,0
1/10/2018,37481,22627,60108,10762,4068,14830,12686,17366,22627,2503,5285,0,0,0
1/11/2018,37571,22725,60296,10776,4087,14863,12747,17448,22725,2492,5260,0,0,0
1/12/2018,37454,22759,60213,10689,4047,14736,12744,17457,22759,2494,5261,0,0,0
1/13/2018,37467,22710,60177,10723,4058,14781,12716,17420,22710,2496,5266,0,0,0
1/14/2018,37641,22760,60401,10807,4082,14889,12759,17476,22760,2500,5276,0,0,0
1/15/2018,37667,22813,60480,10774,4110,14884,12777,17496,22813,2505,5287,0,0,0
1/16/2018,37655,22786,60441,10792,4092,14884,12771,17485,22786,2504,5286,0,0,0
1/17/2018,37718,22813,60531,10805,4115,14920,12793,17511,22813,2506,5287,0,0,0
1/18/2018,37777,22783,60560,10812,4150,14962,12775,17479,22783,2530,5336,0,0,0
1/19/2018,37742,22795,60537,10792,4136,14928,12801,17500,22795,2519,5314,0,0,0
1/20/2018,37742,22888,60630,10782,4104,14886,12848,17556,22888,2511,5300,0,0,0
1/21/2018,37829,22874,60703,10834,4124,14958,12847,17571,22874,2511,5300,0,0,0
1/22/2018,37823,22824,60647,10877,4123,15000,12817,17527,22824,2511,5296,0,0,0
1/23/2018,37852,22880,60732,10883,4137,15020,12835,17553,22880,2502,5279,0,0,0
1/24/2018,37891,22904,60795,10893,4138,15031,12856,17561,22904,2513,5299,0,0,0
1/25/2018,37926,22919,60845,10920,4126,15046,12874,17596,22919,2505,5284,0,0,0
1/26/2018,37916,22927,60843,10905,4122,15027,12876,17595,22927,2505,5294,0,0,0
1/27/2018,37875,22922,60797,10902,4114,15016,12874,17591,22922,2494,5268,0,0,0
1/28/2018,37931,22930,60861,10939,4120,15059,12883,17603,22930,2493,5269,0,0,0
1/29/2018,37973,22930,60903,10913,4145,15058,12870,17602,22930,2516,5313,0,0,0
1/30/2018,38009,22906,60915,10976,4143,15119,12853,17580,22906,2515,5310,0,0,0
1/31/2018,38088,22950,61038,10989,4150,15139,12878,17619,22950,2524,5330,0,0,0
2/1/2018,38059,22970,61029,10997,4128,15125,12894,17636,22970,2512,5298,0,0,0
2/2/2018,37976,22974,60950,10974,4101,15075,12887,17629,22974,2500,5272,0,0,0
2/3/2018,38019,22983,61002,10988,4116,15104,12891,17629,22983,2506,5286,0,0,0
2/4/2018,38047,22978,61025,10999,4128,15127,12889,17628,22978,2509,5292,0,0,0
2/5/2018,38040,22985,61025,11011,4111,15122,12882,17614,22985,2515,5304,0,0,0
2/6/2018,38038,22964,61002,11009,4151,15160,12870,17598,22964,2503,5280,0,0,0
2/7/2018,38108,22967,61075,11033,4175,15208,12872,17597,22967,2514,5303,0,0,0
2/8/2018,38053,22918,60971,11042,4164,15206,12851,17572,22918,2501,5275,0,0,0
2/9/2018,38035,22891,60926,11032,4164,15196,12853,17579,22891,2492,5260,0,0,0
2/10/2018,37885,22831,60716,10980,4144,15124,12812,17512,22831,2488,5249,0,0,0
2/11/2018,37939,22853,60792,11024,4171,15195,12815,17513,22853,2479,5231,0,0,0
2/12/2018,37963,22791,60754,11043,4184,15227,12786,17479,22791,2491,5257,0,0,0
2/13/2018,37978,22782,60760,11071,4188,15259,12779,17472,22782,2489,5247,0,0,0
2/14/2018,37969,22786,60755,11055,4183,15238,12784,17477,22786,2491,5254,0,0,0
2/15/2018,38009,22766,60775,11078,4203,15281,12782,17474,22766,2490,5254,0,0,0
2/16/2018,37900,22693,60593,11026,4184,15210,12760,17442,22693,2487,5248,0,0,0
2/17/2018,37835,22651,60486,11018,4193,15211,12737,17406,22651,2472,5218,0,0,0
2/18/2018,37899,22662,60561,11058,4188,15246,12743,17423,22662,2479,5230,0,0,0
2/19/2018,37930,22622,60552,11086,4211,15297,12725,17395,22622,2483,5238,0,0,0
2/20/2018,37909,22620,60529,11062,4195,15257,12737,17410,22620,2485,5242,0,0,0
2/21/2018,37874,22598,60472,11094,4187,15281,12722,17372,22598,2474,5221,0,0,0
2/22/2018,37916,22654,60570,11118,4189,15307,12739,17385,22654,2477,5224,0,0,0
2/23/2018,37839,22639,60478,11047,4189,15236,12736,17382,22639,2474,5221,0,0,0
2/24/2018,37769,22597,60366,11056,4186,15242,12709,17348,22597,2453,5179,0,0,0
2/25/2018,37824,22603,60427,11107,4183,15290,12702,17336,22603,2461,5198,0,0,0
2/26/2018,37870,22600,60470,11119,4190,15309,12702,17337,22600,2473,5224,0,0,0
2/27/2018,37837,22620,60457,11109,4179,15288,12715,17350,22620,2462,5199,0,0,0
2/28/2018,37800,22643,60443,11063,4162,15225,12718,17361,22643,2466,5214,0,0,0
3/1/2018,37732,22652,60384,11038,4127,15165,12730,17361,22652,2462,5206,0,0,0
3/2/2018,37776,22647,60423,11051,4133,15184,12727,17362,22647,2474,5230,0,0,0
3/3/2018,37684,22600,60284,11007,4152,15159,12707,17331,22600,2458,5194,0,0,0
3/4/2018,37730,22633,60363,11042,4154,15196,12721,17353,22633,2452,5181,0,0,0
3/5/2018,37806,22613,60419,11107,4167,15274,12707,17320,22613,2466,5212,0,0,0
3/6/2018,37758,22636,60394,11080,4161,15241,12696,17314,22636,2461,5203,0,0,0
3/7/2018,37847,22641,60488,11143,4158,15301,12704,17329,22641,2469,5217,0,0,0
3/8/2018,37835,22671,60506,11119,4152,15271,12716,17352,22671,2466,5212,0,0,0
3/9/2018,37769,22586,60355,11088,4157,15245,12680,17314,22586,2465,5210,0,0,0
3/10/2018,37681,22601,60282,11077,4121,15198,12675,17304,22601,2451,5179,0,0,0
3/11/2018,37795,22621,60416,11113,4169,15282,12691,17324,22621,2456,5189,0,0,0
3/12/2018,37849,22600,60449,11127,4168,15295,12676,17317,22600,2480,5237,0,0,0
3/13/2018,37782,22520,60302,11134,4174,15308,12644,17258,22520,2470,5216,0,0,0
3/14/2018,37786,22550,60336,11122,4178,15300,12665,17274,22550,2468,5212,0,0,0
3/15/2018,37840,22585,60425,11151,4184,15335,12679,17289,22585,2471,5216,0,0,0
3/16/2018,37738,22580,60318,11089,4165,15254,12668,17267,22580,2470,5217,0,0,0
3/17/2018,37711,22601,60312,11094,4156,15250,12674,17267,22601,2460,5194,0,0,0
3/18/2018,37771,22610,60381,11142,4159,15301,12683,17271,22610,2463,5199,0,0,0
3/19/2018,37762,22593,60355,11122,4153,15275,12680,17279,22593,2468,5208,0,0,0
3/20/2018,37851,22570,60421,11177,4183,15360,12667,17258,22570,2480,5233,0,0,0
3/21/2018,37902,22627,60529,11187,4184,15371,12708,17316,22627,2471,5215,0,0,0
3/22/2018,37804,22562,60366,11178,4155,15333,12665,17257,22562,2471,5214,0,0,0
3/23/2018,37694,22538,60232,11136,4129,15265,12659,17247,22538,2456,5182,0,0,0
3/24/2018,37584,22469,60053,11134,4096,15230,12607,17180,22469,2453,5174,0,0,0
3/25/2018,37674,22464,60138,11190,4132,15322,12597,17165,22464,2459,5187,0,0,0
3/26/2018,37677,22456,60133,11174,4146,15320,12587,17149,22456,2469,5208,0,0,0
3/27/2018,37675,22414,60089,11191,4160,15351,12565,17122,22414,2466,5202,0,0,0
3/28/2018,37648,22410,60058,11183,4149,15332,12561,17122,22410,2461,5194,0,0,0
3/29/2018,37572,22408,59980,11134,4142,15276,12559,17108,22408,2459,5188,0,0,0
3/30/2018,37363,22372,59735,11031,4111,15142,12541,17076,22372,2438,5145,0,0,0
3/31/2018,37356,22375,59731,11058,4108,15166,12541,17074,22375,2424,5116,0,0,0
4/1/2018,37447,22382,59829,11134,4089,15223,12565,17107,22382,2423,5117,1,0,0
4/2/2018,37538,22354,59892,11158,4120,15278,12555,17100,22354,2443,5160,0,0,0
4/3/2018,37533,22298,59831,11171,4127,15298,12533,17080,22298,2440,5155,0,0,0
4/4/2018,37533,22298,59831,11171,4127,15298,12533,17080,22298,2440,5155,0,0,0
4/5/2018,37460,22330,59790,11058,4115,15173,12540,17103,22330,2454,5184,0,0,0
4/6/2018,37476,22337,59813,11092,4107,15199,12526,17106,22337,2448,5171,0,0,0
4/7/2018,37470,22275,59745,11124,4112,15236,12503,17082,22275,2438,5152,0,0,0
4/8/2018,37458,22293,59751,11094,4127,15221,12507,17080,22293,2440,5157,0,0,0
4/9/2018,37600,22310,59910,11200,4145,15345,12512,17085,22310,2447,5170,0,0,0
4/10/2018,37608,22291,59899,11218,4164,15382,12496,17064,22291,2442,5162,0,0,0
4/11/2018,37640,22293,59933,11239,4169,15408,12492,17085,22293,2435,5147,0,0,0
4/12/2018,37647,22285,59932,11256,4166,15422,12503,17107,22285,2422,5118,0,0,0
4/13/2018,37476,22263,59739,11145,4120,15265,12483,17094,22263,2422,5117,0,0,0
4/14/2018,37397,22225,59622,11122,4123,15245,12460,17051,22225,2414,5101,0,0,0
4/15/2018,37557,22209,59766,11269,4155,15424,12458,17051,22209,2404,5082,0,0,0
4/16/2018,37560,22209,59769,11260,4165,15425,12453,17032,22209,2415,5103,0,0,0
4/17/2018,37626,22175,59801,11307,4163,15470,12429,17010,22175,2434,5146,0,0,0
4/18/2018,37581,22184,59765,11288,4152,15440,12436,17008,22184,2427,5133,0,0,0
4/19/2018,37561,22184,59745,11293,4167,15460,12428,17004,22184,2410,5097,0,0,0
4/20/2018,37466,22160,59626,11215,4153,15368,12421,16993,22160,2413,5105,0,0,0
4/21/2018,37444,22168,59612,11194,4146,15340,12430,17011,22168,2407,5093,0,0,0
4/22/2018,37485,22132,59617,11248,4155,15403,12418,16987,22132,2408,5095,0,0,0
4/23/2018,37541,22160,59701,11256,4157,15413,12431,17008,22160,2421,5120,0,0,0
4/24/2018,37487,22059,59546,11280,4178,15458,12388,16946,22059,2403,5083,0,0,0
4/25/2018,37519,22119,59638,11289,4160,15449,12411,16980,22119,2406,5090,0,0,0
4/26/2018,37527,22124,59651,11272,4162,15434,12430,17002,22124,2408,5091,0,0,0
4/27/2018,37482,22122,59604,11245,4163,15408,12431,17007,22122,2397,5067,0,0,0
4/28/2018,37411,22125,59536,11227,4129,15356,12439,17016,22125,2383,5039,0,0,0
4/29/2018,37463,22105,59568,11275,4166,15441,12428,17001,22105,2375,5021,0,0,0
4/30/2018,37484,22103,59587,11276,4143,15419,12428,16990,22103,2400,5075,0,0,0
5/1/2018,37392,22116,59508,11183,4141,15324,12436,16995,22116,2399,5073,0,0,0
5/2/2018,37355,22110,59465,11184,4125,15309,12424,16974,22110,2398,5072,0,0,0
5/3/2018,37246,22106,59352,11103,4130,15233,12412,16958,22106,2390,5055,0,0,0
5/4/2018,37187,22068,59255,11055,4114,15169,12400,16944,22068,2401,5074,0,0,0
5/5/2018,37092,22043,59135,11039,4114,15153,12379,16905,22043,2381,5034,0,0,0
5/6/2018,37217,22031,59248,11122,4158,15280,12372,16894,22031,2385,5043,0,0,0
5/7/2018,37259,22025,59284,11145,4169,15314,12368,16891,22025,2390,5054,0,0,0
5/8/2018,37253,22008,59261,11153,4165,15318,12364,16889,22008,2386,5046,0,0,0
5/9/2018,37299,22046,59345,11161,4177,15338,12375,16892,22046,2398,5069,0,0,0
5/10/2018,37307,22060,59367,11164,4169,15333,12380,16900,22060,2401,5074,0,0,0
5/11/2018,37173,22004,59177,11110,4131,15241,12363,16873,22004,2393,5059,0,0,0
5/12/2018,37211,21961,59172,11138,4147,15285,12353,16850,21961,2401,5076,0,0,0
5/13/2018,37310,21969,59279,11198,4164,15362,12360,16868,21969,2403,5080,0,0,0
5/14/2018,37288,21943,59231,11201,4160,15361,12339,16834,21943,2410,5093,0,0,0
5/15/2018,37349,21968,59317,11237,4174,15411,12342,16840,21968,2412,5098,0,0,0
5/16/2018,37413,22061,59474,11260,4175,15435,12390,16896,22061,2403,5082,0,0,0
5/17/2018,37377,22062,59439,11225,4170,15395,12406,16916,22062,2396,5066,0,0,0
5/18/2018,37307,22056,59363,11185,4146,15331,12409,16921,22056,2391,5055,0,0,0
5/19/2018,37179,21998,59177,11126,4152,15278,12379,16867,21998,2380,5034,0,0,0
5/20/2018,37210,21948,59158,11138,4189,15327,12348,16828,21948,2390,5055,0,0,0
5/21/2018,37151,21880,59031,11119,4181,15300,12308,16776,21880,2400,5075,0,0,0
5/22/2018,37253,21893,59146,11227,4189,15416,12297,16752,21893,2405,5085,0,0,0
5/23/2018,37224,21894,59118,11198,4192,15390,12315,16762,21894,2399,5072,0,0,0
5/24/2018,37164,21885,59049,11164,4186,15350,12310,16753,21885,2393,5061,0,0,0
5/25/2018,37045,21845,58890,11069,4181,15250,12302,16731,21845,2396,5064,0,0,0
5/26/2018,37030,21818,58848,11085,4180,15265,12281,16705,21818,2394,5060,0,0,0
5/27/2018,37100,21778,58878,11178,4203,15381,12254,16666,21778,2392,5053,0,0,0
5/28/2018,37162,21810,58972,11194,4219,15413,12260,16676,21810,2400,5073,0,0,0
5/29/2018,37153,21793,58946,11214,4188,15402,12256,16686,21793,2396,5065,0,0,0
5/30/2018,37125,21775,58900,11199,4209,15408,12252,16651,21775,2396,5066,0,0,0
5/31/2018,37006,21780,58786,11130,4196,15326,12251,16642,21780,2383,5038,0,0,0
6/1/2018,36878,21815,58693,11023,4158,15181,12266,16658,21815,2383,5039,0,0,0
6/2/2018,36842,21803,58645,11036,4149,15185,12258,16646,21803,2370,5011,0,0,0
6/3/2018,36995,21810,58805,11121,4193,15314,12264,16655,21810,2376,5026,0,0,0
6/4/2018,37045,21801,58846,11146,4200,15346,12250,16646,21801,2388,5053,0,0,0
6/5/2018,36996,21720,58716,11129,4211,15340,12219,16591,21720,2395,5065,0,0,0
6/6/2018,37015,21772,58787,11123,4218,15341,12258,16627,21772,2387,5047,0,0,0
6/7/2018,37004,21755,58759,11105,4227,15332,12260,16620,21755,2390,5052,0,0,0
6/8/2018,36925,21781,58706,11029,4173,15202,12273,16646,21781,2402,5077,0,0,0
6/9/2018,36963,21794,58757,11006,4187,15193,12295,16680,21794,2408,5090,0,0,0
6/10/2018,37123,21787,58910,11104,4224,15328,12303,16692,21787,2414,5103,0,0,0
6/11/2018,37024,21702,58726,11069,4214,15283,12258,16634,21702,2417,5107,0,0,0
6/12/2018,37030,21692,58722,11096,4210,15306,12258,16632,21692,2409,5092,0,0,0
6/13/2018,37103,21720,58823,11127,4225,15352,12280,16647,21720,2414,5104,0,0,0
6/14/2018,37086,21748,58834,11106,4224,15330,12300,16664,21748,2409,5092,0,0,0
6/15/2018,36970,21740,58710,11051,4175,15226,12286,16646,21740,2411,5098,0,0,0
6/16/2018,36988,21744,58732,11071,4158,15229,12300,16659,21744,2413,5100,0,0,0
6/17/2018,37136,21768,58904,11117,4226,15343,12309,16690,21768,2415,5103,0,0,0
6/18/2018,37232,21753,58985,11200,4237,15437,12297,16675,21753,2423,5120,0,0,0
6/19/2018,37111,21696,58807,11188,4216,15404,12264,16628,21696,2402,5079,0,0,0
6/20/2018,37090,21700,58790,11190,4207,15397,12267,16636,21700,2393,5057,0,0,0
6/21/2018,37058,21656,58714,11173,4225,15398,12248,16606,21656,2391,5054,0,0,0
6/22/2018,36983,21640,58623,11100,4220,15320,12243,16590,21640,2401,5073,0,0,0
6/23/2018,36950,21626,58576,11115,4213,15328,12240,16580,21626,2384,5042,0,0,0
6/24/2018,37050,21673,58723,11157,4218,15375,12253,16600,21673,2400,5075,0,0,0
6/25/2018,37100,21722,58822,11171,4198,15369,12268,16627,21722,2415,5104,0,0,0
6/26/2018,37054,21609,58663,11199,4202,15401,12209,16546,21609,2416,5107,0,0,0
6/27/2018,37134,21639,58773,11215,4208,15423,12233,16595,21639,2419,5116,0,0,0
6/28/2018,37212,21764,58976,11193,4227,15420,12280,16660,21764,2427,5132,0,0,0
6/29/2018,36971,21784,58755,10985,4181,15166,12284,16657,21784,2433,5148,0,0,0
6/30/2018,36971,21756,58727,11009,4171,15180,12289,16660,21756,2424,5131,0,0,0
7/1/2018,37131,21819,58950,11079,4195,15274,12320,16722,21819,2425,5135,0,0,0
7/2/2018,37187,21831,59018,11076,4197,15273,12322,16728,21831,2449,5186,0,0,0
7/3/2018,37145,21907,59052,11068,4156,15224,12343,16756,21907,2438,5165,0,0,0
7/4/2018,37051,21927,58978,10993,4143,15136,12353,16757,21927,2434,5158,0,0,0
7/5/2018,37094,21957,59051,11007,4140,15147,12358,16776,21957,2441,5171,0,0,0
7/6/2018,37011,21862,58873,10972,4162,15134,12304,16697,21862,2443,5180,0,0,0
7/7/2018,37038,21870,58908,11000,4156,15156,12307,16701,21870,2444,5181,0,0,0
7/8/2018,37157,21908,59065,11080,4188,15268,12329,16719,21908,2439,5170,0,0,0
7/9/2018,37178,21878,59056,11073,4196,15269,12310,16713,21878,2452,5196,0,0,0
7/10/2018,37178,21832,59010,11102,4225,15327,12282,16672,21832,2443,5179,0,0,0
7/11/2018,37217,21829,59046,11126,4212,15338,12299,16689,21829,2447,5190,0,0,0
7/12/2018,37119,21845,58964,11062,4201,15263,12299,16680,21845,2442,5176,0,0,0
7/13/2018,37026,21835,58861,11038,4162,15200,12290,16660,21835,2437,5166,0,0,0
7/14/2018,37024,21863,58887,11034,4163,15197,12327,16701,21863,2417,5126,0,0,0
7/15/2018,37152,21863,59015,11099,4217,15316,12324,16705,21863,2420,5131,0,0,0
7/16/2018,37155,21803,58958,11110,4205,15315,12304,16685,21803,2432,5155,0,0,0
7/17/2018,37151,21785,58936,11123,4229,15352,12297,16668,21785,2422,5131,0,0,0
7/18/2018,37206,21854,59060,11144,4219,15363,12342,16714,21854,2419,5129,0,0,0
7/19/2018,37180,21845,59025,11121,4216,15337,12341,16716,21845,2419,5127,0,0,0
7/20/2018,37035,21787,58822,11038,4187,15225,12322,16680,21787,2421,5130,0,0,0
7/21/2018,37094,21776,58870,11099,4197,15296,12321,16674,21776,2417,5124,0,0,0
7/22/2018,37179,21757,58936,11166,4222,15388,12315,16660,21757,2420,5131,0,0,0
7/23/2018,37169,21723,58892,11152,4234,15386,12285,16629,21723,2430,5154,0,0,0
7/24/2018,37252,21710,58962,11219,4264,15483,12278,16627,21710,2425,5142,0,0,0
7/25/2018,37305,21797,59102,11180,4273,15453,12323,16679,21797,2438,5173,0,0,0
7/26/2018,37216,21792,59008,11128,4250,15378,12314,16666,21792,2437,5172,0,0,0
7/27/2018,37195,21734,58929,11117,4257,15374,12306,16668,21734,2428,5153,0,0,0
7/28/2018,37139,21765,58904,11072,4249,15321,12323,16671,21765,2426,5147,0,0,0
7/29/2018,37238,21783,59021,11140,4274,15414,12329,16685,21783,2422,5139,0,0,0
7/30/2018,37217,21744,58961,11128,4282,15410,12311,16658,21744,2428,5149,0,0,0
7/31/2018,37190,21762,58952,11097,4259,15356,12320,16664,21762,2438,5170,0,0,0
8/1/2018,37120,21749,58869,11035,4262,15297,12325,16677,21749,2424,5146,0,0,0
8/2/2018,37162,21701,58863,11081,4265,15346,12308,16643,21701,2437,5173,0,0,0
8/3/2018,37103,21737,58840,11028,4263,15291,12312,16640,21737,2437,5172,0,0,0
8/4/2018,37137,21791,58928,11041,4245,15286,12349,16686,21791,2431,5165,0,0,0
8/5/2018,37261,21827,59088,11088,4285,15373,12365,16714,21827,2435,5174,0,0,0
8/6/2018,37293,21823,59116,11111,4290,15401,12367,16712,21823,2438,5180,0,0,0
8/7/2018,37386,21877,59263,11133,4306,15439,12378,16744,21877,2449,5203,0,0,0
8/8/2018,37367,21850,59217,11140,4290,15430,12384,16746,21850,2444,5191,0,0,0
8/9/2018,37384,21854,59238,11149,4274,15423,12388,16747,21854,2454,5214,0,0,0
8/10/2018,37310,21859,59169,11055,4269,15324,12388,16757,21859,2460,5229,0,0,0
8/11/2018,37390,21866,59256,11100,4276,15376,12401,16778,21866,2464,5236,0,0,0
8/12/2018,37441,21859,59300,11140,4283,15423,12401,16770,21859,2470,5248,0,0,0
8/13/2018,37444,21812,59256,11162,4301,15463,12373,16737,21812,2469,5244,0,0,0
8/14/2018,37464,21831,59295,11191,4313,15504,12375,16739,21831,2458,5221,0,0,0
8/15/2018,37562,21945,59507,11198,4324,15522,12428,16800,21945,2468,5240,0,0,0
8/16/2018,37550,21935,59485,11201,4323,15524,12422,16783,21935,2471,5243,0,0,0
8/17/2018,37467,21942,59409,11136,4303,15439,12435,16787,21942,2470,5241,0,0,0
8/18/2018,37469,21977,59446,11121,4311,15432,12448,16797,21977,2468,5240,0,0,0
8/19/2018,37588,22004,59592,11199,4327,15526,12472,16830,22004,2464,5232,0,0,0
8/20/2018,37678,22024,59702,11235,4334,15569,12486,16860,22024,2473,5249,0,0,0
8/21/2018,37592,21963,59555,11217,4333,15550,12446,16788,21963,2474,5254,0,0,0
8/22/2018,37733,22043,59776,11236,4360,15596,12496,16862,22043,2485,5275,0,0,0
8/23/2018,37703,22041,59744,11244,4359,15603,12494,16848,22041,2473,5252,0,0,0
8/24/2018,37593,22053,59646,11149,4330,15479,12507,16860,22053,2475,5254,0,0,0
8/25/2018,37557,22072,59629,11114,4309,15423,12519,16881,22072,2473,5253,0,0,0
8/26/2018,37721,22140,59861,11202,4333,15535,12552,16919,22140,2479,5267,0,0,0
8/27/2018,37717,22117,59834,11181,4359,15540,12539,16908,22117,2480,5269,0,0,0
8/28/2018,37635,22025,59660,11183,4341,15524,12497,16852,22025,2476,5259,0,0,0
8/29/2018,37707,22136,59843,11191,4346,15537,12546,16908,22136,2477,5262,0,0,0
8/30/2018,37691,22123,59814,11171,4332,15503,12556,16925,22123,2477,5263,0,0,0
8/31/2018,37508,22118,59626,11066,4275,15341,12555,16908,22118,2475,5259,0,0,0
9/1/2018,37491,22113,59604,11051,4286,15337,12552,16880,22113,2482,5274,0,0,0
9/2/2018,37594,22183,59777,11116,4305,15421,12573,16921,22183,2471,5252,0,0,0
9/3/2018,37618,22170,59788,11130,4321,15451,12566,16922,22170,2467,5245,0,0,0
9/4/2018,37663,22116,59779,11214,4321,15535,12531,16862,22116,2479,5266,0,0,0
9/5/2018,37702,22113,59815,11253,4329,15582,12517,16847,22113,2480,5273,0,0,0
9/6/2018,37650,22097,59747,11221,4273,15494,12530,16866,22097,2489,5290,0,0,0
9/7/2018,37626,22159,59785,11150,4291,15441,12551,16900,22159,2487,5285,0,0,0
9/8/2018,37678,22213,59891,11180,4306,15486,12568,16921,22213,2480,5271,0,0,0
9/9/2018,37841,22266,60107,11267,4356,15623,12597,16963,22266,2473,5255,0,0,0
9/10/2018,37854,22240,60094,11266,4371,15637,12574,16934,22240,2485,5283,0,0,0
9/11/2018,37912,22257,60169,11303,4374,15677,12590,16953,22257,2484,5282,0,0,0
9/12/2018,38001,22308,60309,11318,4385,15703,12619,16985,22308,2500,5313,0,0,0
9/13/2018,37976,22264,60240,11288,4381,15669,12617,16984,22264,2503,5323,0,0,0
9/14/2018,37845,22243,60088,11208,4355,15563,12610,16967,22243,2500,5315,0,0,0
9/15/2018,37859,22294,60153,11199,4370,15569,12632,17009,22294,2481,5281,0,0,0
9/16/2018,37933,22347,60280,11248,4374,15622,12651,17030,22347,2481,5281,0,0,0
9/17/2018,38030,22321,60351,11320,4401,15721,12635,16990,22321,2500,5319,0,0,0
9/18/2018,38083,22354,60437,11338,4400,15738,12658,17024,22354,2502,5321,0,0,0
9/19/2018,38071,22434,60505,11315,4400,15715,12695,17063,22434,2488,5293,0,0,0
9/20/2018,38012,22456,60468,11281,4395,15676,12695,17058,22456,2482,5278,0,0,0
9/21/2018,38024,22527,60551,11264,4356,15620,12732,17111,22527,2491,5293,0,0,0
9/22/2018,38046,22540,60586,11252,4379,15631,12745,17126,22540,2491,5289,0,0,0
9/23/2018,38138,22532,60670,11329,4402,15731,12752,17119,22532,2490,5288,0,0,0
9/24/2018,38181,22538,60719,11346,4408,15754,12749,17124,22538,2498,5303,0,0,0
9/25/2018,38203,22554,60757,11344,4408,15752,12757,17140,22554,2502,5311,0,0,0
9/26/2018,38175,22559,60734,11323,4414,15737,12759,17138,22559,2496,5300,0,0,0
9/27/2018,38120,22549,60669,11311,4406,15717,12741,17109,22549,2493,5294,0,0,0
9/28/2018,37990,22468,60458,11248,4380,15628,12701,17060,22468,2498,5302,0,0,0
9/29/2018,37938,22456,60394,11203,4386,15589,12689,17052,22456,2495,5297,0,0,0
9/30/2018,38020,22420,60440,11284,4401,15685,12673,17034,22420,2496,5301,0,0,0
10/1/2018,38015,22376,60391,11280,4363,15643,12660,17023,22376,2518,5349,0,0,0
10/2/2018,38059,22464,60523,11298,4394,15692,12691,17052,22464,2501,5315,0,0,0
10/3/2018,38087,22500,60587,11310,4383,15693,12720,17086,22500,2501,5308,0,0,0
10/4/2018,38144,22555,60699,11330,4379,15709,12732,17104,22555,2512,5331,0,0,0
10/5/2018,38082,22575,60657,11252,4358,15610,12743,17121,22575,2521,5351,0,0,0
10/6/2018,38059,22598,60657,11230,4345,15575,12765,17157,22598,2509,5327,0,0,0
10/7/2018,38150,22583,60733,11300,4362,15662,12764,17152,22583,2513,5336,0,0,0
10/8/2018,38210,22569,60779,11326,4405,15731,12754,17138,22569,2516,5341,0,0,0
10/9/2018,38244,22590,60834,11329,4397,15726,12764,17143,22590,2533,5375,0,0,0
10/10/2018,38244,22590,60834,11329,4397,15726,12764,17143,22590,2533,5375,0,0,0
10/11/2018,38237,22561,60798,11363,4380,15743,12774,17149,22561,2518,5345,0,0,0
10/12/2018,38210,22597,60807,11349,4375,15724,12775,17145,22597,2516,5341,0,0,0
10/13/2018,38245,22649,60894,11336,4371,15707,12799,17181,22649,2524,5357,0,0,0
10/14/2018,38298,22663,60961,11351,4419,15770,12790,17175,22663,2522,5353,0,0,0
10/15/2018,38323,22644,60967,11362,4417,15779,12775,17151,22644,2540,5393,0,0,0
10/16/2018,38276,22642,60918,11364,4368,15732,12784,17157,22642,2539,5387,0,0,0
10/17/2018,38338,22665,61003,11360,4426,15786,12804,17173,22665,2534,5379,0,0,0
10/18/2018,38305,22614,60919,11385,4422,15807,12779,17145,22614,2522,5353,0,0,0
10/19/2018,38258,22618,60876,11369,4413,15782,12776,17137,22618,2516,5339,0,0,0
10/20/2018,38230,22632,60862,11315,4416,15731,12797,17159,22632,2517,5340,0,0,0
10/21/2018,38309,22631,60940,11399,4427,15826,12793,17147,22631,2515,5336,0,0,0
10/22/2018,38294,22572,60866,11413,4443,15856,12754,17086,22572,2523,5352,0,0,0
10/23/2018,38313,22564,60877,11428,4428,15856,12761,17101,22564,2526,5356,0,0,0
10/24/2018,38389,22570,60959,11493,4436,15929,12768,17105,22570,2527,5355,0,0,0
10/25/2018,38377,22519,60896,11501,4443,15944,12748,17067,22519,2532,5366,0,0,0
10/26/2018,38351,22538,60889,11484,4420,15904,12751,17073,22538,2538,5374,0,0,0
10/27/2018,38363,22544,60907,11488,4424,15912,12759,17080,22544,2537,5371,0,0,0
10/28/2018,38411,22546,60957,11515,4435,15950,12765,17082,22546,2541,5379,0,0,0
10/29/2018,38387,22506,60893,11537,4427,15964,12735,17042,22506,2543,5381,0,0,0
10/30/2018,38348,22508,60856,11506,4422,15928,12729,17041,22508,2542,5379,0,0,0
10/31/2018,38344,22524,60868,11486,4425,15911,12743,17049,22524,2545,5384,0,0,0
11/1/2018,38273,22523,60796,11433,4401,15834,12741,17047,22523,2548,5392,0,0,0
11/2/2018,38214,22522,60736,11393,4373,15766,12746,17057,22522,2547,5391,0,0,0
11/3/2018,38282,22515,60797,11431,4388,15819,12760,17078,22515,2543,5385,0,0,0
11/4/2018,38315,22530,60845,11460,4404,15864,12754,17068,22530,2541,5383,0,0,0
11/5/2018,38377,22501,60878,11518,4413,15931,12734,17027,22501,2559,5419,0,0,0
11/6/2018,38346,22501,60847,11529,4407,15936,12737,17028,22501,2541,5382,0,0,0
11/7/2018,38464,22585,61049,11579,4413,15992,12779,17082,22585,2545,5390,0,0,0
11/8/2018,38461,22601,61062,11556,4427,15983,12783,17089,22601,2544,5389,0,0,0
11/9/2018,38354,22517,60871,11521,4410,15931,12751,17039,22517,2541,5384,0,0,0
11/10/2018,38387,22540,60927,11532,4411,15943,12764,17059,22540,2539,5385,0,0,0
11/11/2018,38469,22549,61018,11604,4429,16033,12766,17056,22549,2536,5380,0,0,0
11/12/2018,38504,22560,61064,11627,4430,16057,12763,17056,22560,2542,5391,0,0,0
11/13/2018,38535,22573,61108,11647,4442,16089,12768,17052,22573,2544,5394,0,0,0
11/14/2018,38570,22604,61174,11666,4446,16112,12771,17058,22604,2547,5400,0,0,0
11/15/2018,38467,22585,61052,11554,4451,16005,12776,17053,22585,2551,5409,0,0,0
11/16/2018,38493,22590,61083,11566,4443,16009,12783,17059,22590,2561,5425,0,0,0
11/17/2018,38439,22593,61032,11561,4431,15992,12779,17052,22593,2546,5395,0,0,0
11/18/2018,38503,22580,61083,11603,4453,16056,12773,17049,22580,2548,5398,0,0,0
11/19/2018,38469,22544,61013,11628,4451,16079,12742,17005,22544,2542,5385,0,0,0
11/20/2018,38473,22570,61043,11618,4447,16065,12767,17035,22570,2537,5373,0,0,0
11/21/2018,38413,22571,60984,11586,4426,16012,12771,17035,22571,2534,5366,0,0,0
11/22/2018,38425,22565,60990,11578,4417,15995,12777,17056,22565,2539,5374,0,1,0
11/23/2018,38400,22546,60946,11588,4406,15994,12761,17034,22546,2536,5372,0,0,0
11/24/2018,38340,22494,60834,11574,4422,15996,12725,16981,22494,2531,5363,0,0,0
11/25/2018,38334,22443,60777,11585,4438,16023,12703,16958,22443,2526,5353,0,0,0
11/26/2018,38413,22457,60870,11646,4451,16097,12701,16953,22457,2531,5363,0,0,0
11/27/2018,38434,22477,60911,11676,4458,16134,12706,16961,22477,2520,5339,0,0,0
11/28/2018,38441,22493,60934,11685,4455,16140,12721,16975,22493,2514,5326,0,0,0
11/29/2018,38481,22511,60992,11664,4469,16133,12734,17008,22511,2523,5340,0,0,0
11/30/2018,38312,22481,60793,11588,4418,16006,12716,16977,22481,2518,5329,0,0,0
12/1/2018,38269,22450,60719,11550,4425,15975,12714,16968,22450,2517,5326,0,0,0
12/2/2018,38343,22470,60813,11579,4448,16027,12730,16986,22470,2519,5330,0,0,0
12/3/2018,38400,22447,60847,11626,4447,16073,12726,16989,22447,2522,5338,0,0,0
12/4/2018,38469,22486,60955,11667,4460,16127,12741,17014,22486,2519,5328,0,0,0
12/5/2018,38543,22531,61074,11696,4463,16159,12766,17052,22531,2520,5332,0,0,0
12/6/2018,38563,22498,61061,11712,4463,16175,12763,17057,22498,2520,5331,0,0,0
12/7/2018,38483,22453,60936,11672,4449,16121,12744,17027,22453,2521,5335,0,0,0
12/8/2018,38456,22423,60879,11699,4421,16120,12731,17004,22423,2519,5332,0,0,0
12/9/2018,38578,22507,61085,11695,4462,16157,12771,17067,22507,2530,5354,0,0,0
12/10/2018,38590,22475,61065,11715,4472,16187,12739,17035,22475,2537,5368,0,0,0
12/11/2018,38591,22457,61048,11739,4465,16204,12733,17026,22457,2533,5361,0,0,0
12/12/2018,38623,22481,61104,11715,4485,16200,12756,17050,22481,2538,5373,0,0,0
12/13/2018,38636,22526,61162,11678,4474,16152,12776,17086,22526,2549,5398,0,0,0
12/14/2018,38462,22440,60902,11600,4440,16040,12733,17030,22440,2548,5392,0,0,0
12/15/2018,38463,22461,60924,11620,4429,16049,12744,17048,22461,2535,5366,0,0,0
12/16/2018,38551,22454,61005,11711,4449,16160,12736,17030,22454,2533,5361,0,0,0
12/17/2018,38577,22401,60978,11727,4463,16190,12699,16983,22401,2553,5404,0,0,0
12/18/2018,38601,22421,61022,11751,4480,16231,12696,16989,22421,2543,5381,0,0,0
12/19/2018,38544,22405,60949,11728,4451,16179,12700,16988,22405,2542,5377,0,0,0
12/20/2018,38510,22377,60887,11727,4436,16163,12684,16956,22377,2548,5391,0,0,0
12/21/2018,38417,22362,60779,11678,4436,16114,12668,16942,22362,2534,5361,0,0,0
12/22/2018,38384,22342,60726,11660,4412,16072,12661,16931,22342,2544,5381,0,0,0
12/23/2018,38412,22308,60720,11697,4423,16120,12645,16908,22308,2545,5384,0,0,0
12/24/2018,38266,22255,60521,11603,4405,16008,12612,16863,22255,2551,5395,0,0,0
12/25/2018,38318,22284,60602,11644,4397,16041,12627,16894,22284,2546,5383,0,0,1
12/26/2018,38383,22261,60644,11696,4412,16108,12606,16867,22261,2557,5408,0,0,0
12/27/2018,38335,22227,60562,11696,4421,16117,12583,16833,22227,2547,5385,0,0,0
12/28/2018,38254,22212,60466,11672,4395,16067,12574,16823,22212,2538,5364,0,0,0
12/29/2018,38213,22229,60442,11657,4384,16041,12586,16835,22229,2525,5337,0,0,0
12/30/2018,38211,22239,60450,11649,4397,16046,12584,16838,22239,2520,5327,0,0,0
12/31/2018,38219,22269,60488,11630,4395,16025,12595,16847,22269,2529,5347,0,0,0
1/1/2019,38251,22319,60570,11644,4369,16013,12616,16885,22319,2534,5353,0,0,0
1/2/2019,38383,22334,60717,11717,4401,16118,12635,16906,22334,2537,5359,0,0,0
1/3/2019,38416,22318,60734,11741,4427,16168,12620,16883,22318,2540,5365,0,0,0
1/4/2019,38307,22337,60644,11710,4378,16088,12620,16877,22337,2529,5342,0,0,0
1/5/2019,38345,22347,60692,11726,4390,16116,12638,16897,22347,2522,5332,0,0,0
1/6/2019,38505,22402,60907,11787,4428,16215,12670,16942,22402,2530,5348,0,0,0
1/7/2019,38612,22421,61033,11814,4449,16263,12673,16943,22421,2556,5406,0,0,0
1/8/2019,38564,22403,60967,11812,4447,16259,12659,16922,22403,2545,5383,0,0,0
1/9/2019,38650,22463,61113,11831,4471,16302,12684,16948,22463,2553,5400,0,0,0
1/10/2019,38704,22460,61164,11882,4473,16355,12698,16952,22460,2553,5397,0,0,0
1/11/2019,38751,22577,61328,11806,4463,16269,12764,17072,22577,2558,5410,0,0,0
1/12/2019,38783,22632,61415,11824,4456,16280,12791,17101,22632,2555,5402,0,0,0
1/13/2019,38768,22511,61279,11871,4490,16361,12728,17014,22511,2552,5393,0,0,0
1/14/2019,38807,22448,61255,11894,4507,16401,12698,16971,22448,2572,5435,0,0,0
1/15/2019,38748,22448,61196,11862,4501,16363,12687,16955,22448,2569,5430,0,0,0
1/16/2019,38791,22500,61291,11856,4516,16372,12723,16992,22500,2568,5427,0,0,0
1/17/2019,38830,22468,61298,11886,4520,16406,12706,16975,22468,2578,5449,0,0,0
1/18/2019,38738,22435,61173,11870,4494,16364,12678,16933,22435,2574,5441,0,0,0
1/19/2019,38711,22456,61167,11849,4487,16336,12676,16950,22456,2566,5425,0,0,0
1/20/2019,38773,22454,61227,11897,4491,16388,12678,16961,22454,2565,5424,0,0,0
1/21/2019,38831,22457,61288,11935,4499,16434,12683,16964,22457,2569,5433,0,0,0
1/22/2019,38793,22434,61227,11930,4497,16427,12665,16937,22434,2569,5429,0,0,0
1/23/2019,38794,22454,61248,11954,4488,16442,12670,16945,22454,2559,5407,0,0,0
1/24/2019,38807,22447,61254,11978,4483,16461,12666,16942,22447,2556,5404,0,0,0
1/25/2019,38753,22433,61186,11947,4488,16435,12655,16927,22433,2551,5391,0,0,0
1/26/2019,38731,22406,61137,11967,4477,16444,12647,16925,22406,2535,5362,0,0,0
1/27/2019,38747,22368,61115,11993,4481,16474,12620,16893,22368,2545,5380,0,0,0
1/28/2019,38795,22360,61155,12025,4490,16515,12619,16884,22360,2555,5396,0,0,0
1/29/2019,38810,22379,61189,12015,4503,16518,12634,16898,22379,2552,5394,0,0,0
1/30/2019,38838,22413,61251,12033,4494,16527,12652,16920,22413,2550,5391,0,0,0
1/31/2019,38800,22404,61204,11995,4504,16499,12649,16914,22404,2548,5387,0,0,0
2/1/2019,38683,22396,61079,11944,4468,16412,12633,16886,22396,2548,5385,0,0,0
2/2/2019,38631,22364,60995,11940,4450,16390,12625,16876,22364,2540,5365,0,0,0
2/3/2019,38621,22382,61003,11934,4436,16370,12632,16886,22382,2540,5365,0,0,0
2/4/2019,38706,22353,61059,11995,4471,16466,12602,16851,22353,2551,5389,0,0,0
2/5/2019,38689,22330,61019,11997,4481,16478,12585,16839,22330,2542,5372,0,0,0
2/6/2019,38736,22348,61084,12017,4495,16512,12599,16859,22348,2539,5365,0,0,0
2/7/2019,38689,22340,61029,11998,4477,16475,12581,16837,22340,2545,5377,0,0,0
2/8/2019,38675,22324,60999,11987,4473,16460,12569,16828,22324,2551,5387,0,0,0
2/9/2019,38636,22285,60921,11996,4464,16460,12557,16806,22285,2544,5370,0,0,0
2/10/2019,38634,22257,60891,12007,4469,16476,12550,16794,22257,2541,5364,0,0,0
2/11/2019,38679,22212,60891,12062,4473,16535,12525,16765,22212,2550,5379,0,0,0
2/12/2019,38653,22225,60878,12033,4456,16489,12554,16794,22225,2545,5370,0,0,0
2/13/2019,38720,22212,60932,12071,4476,16547,12546,16777,22212,2557,5396,0,0,0
2/14/2019,38704,22261,60965,12037,4473,16510,12564,16809,22261,2551,5385,0,0,0
2/15/2019,38609,22202,60811,11965,4483,16448,12542,16786,22202,2545,5375,0,0,0
2/16/2019,38645,22189,60834,12029,4482,16511,12535,16778,22189,2535,5356,0,0,0
2/17/2019,38646,22156,60802,12053,4473,16526,12521,16753,22156,2541,5367,0,0,0
2/18/2019,38634,22096,60730,12092,4482,16574,12487,16711,22096,2532,5349,0,0,0
2/19/2019,38689,22109,60798,12109,4492,16601,12497,16728,22109,2538,5360,0,0,0
2/20/2019,38609,22052,60661,12097,4493,16590,12453,16666,22052,2537,5353,0,0,0
2/21/2019,38620,22058,60678,12099,4485,16584,12463,16680,22058,2539,5356,0,0,0
2/22/2019,38559,22048,60607,12060,4459,16519,12463,16677,22048,2543,5363,0,0,0
2/23/2019,38564,22058,60622,12079,4467,16546,12461,16677,22058,2533,5341,0,0,0
2/24/2019,38631,22042,60673,12106,4504,16610,12456,16675,22042,2533,5346,0,0,0
2/25/2019,38653,22041,60694,12129,4494,16623,12453,16670,22041,2539,5360,0,0,0
2/26/2019,38658,22007,60665,12127,4513,16640,12452,16674,22007,2530,5344,0,0,0
2/27/2019,38625,21995,60620,12080,4508,16588,12458,16672,21995,2539,5365,0,0,0
2/28/2019,38544,21992,60536,12085,4420,16505,12451,16678,21992,2536,5361,0,0,0
3/1/2019,38411,21962,60373,11988,4422,16410,12446,16659,21962,2526,5342,0,0,0
3/2/2019,38374,21991,60365,11953,4408,16361,12474,16686,21991,2519,5327,0,0,0
3/3/2019,38476,22024,60500,12038,4429,16467,12483,16701,22024,2509,5308,0,0,0
3/4/2019,38637,22033,60670,12086,4448,16534,12491,16723,22033,2544,5380,0,0,0
3/5/2019,38490,21960,60450,12026,4441,16467,12438,16661,21960,2535,5362,0,0,0
3/6/2019,38553,21947,60500,12080,4466,16546,12443,16663,21947,2527,5344,0,0,0
3/7/2019,38600,22024,60624,12068,4481,16549,12492,16727,22024,2518,5324,0,0,0
3/8/2019,38444,21978,60422,11995,4439,16434,12467,16691,21978,2517,5319,0,0,0
3/9/2019,38426,22000,60426,11977,4429,16406,12487,16715,22000,2510,5305,0,0,0
3/10/2019,38446,21975,60421,12000,4441,16441,12471,16692,21975,2514,5313,0,0,0
3/11/2019,38502,22010,60512,12019,4444,16463,12493,16726,22010,2514,5313,0,0,0
3/12/2019,38575,21982,60557,12091,4437,16528,12479,16719,21982,2521,5328,0,0,0
3/13/2019,38592,21987,60579,12083,4448,16531,12490,16741,21987,2520,5320,0,0,0
3/14/2019,38472,21914,60386,12052,4457,16509,12440,16648,21914,2517,5315,0,0,0
3/15/2019,38353,21953,60306,11976,4405,16381,12473,16690,21953,2502,5282,0,0,0
3/16/2019,38227,21891,60118,11930,4398,16328,12439,16633,21891,2497,5266,0,0,0
3/17/2019,38318,21892,60210,12020,4412,16432,12432,16624,21892,2495,5262,0,0,0
3/18/2019,38346,21838,60184,12055,4438,16493,12393,16570,21838,2508,5283,0,0,0
3/19/2019,38379,21830,60209,12074,4439,16513,12391,16580,21830,2508,5286,0,0,0
3/20/2019,38392,21885,60277,12059,4435,16494,12416,16604,21885,2512,5294,0,0,0
3/21/2019,38434,21881,60315,12097,4439,16536,12418,16601,21881,2515,5297,0,0,0
3/22/2019,38395,21894,60289,12064,4433,16497,12418,16598,21894,2516,5300,0,0,0
3/23/2019,38299,21804,60103,12035,4426,16461,12380,16551,21804,2509,5287,0,0,0
3/24/2019,38361,21785,60146,12103,4429,16532,12366,16528,21785,2515,5301,0,0,0
3/25/2019,38349,21765,60114,12117,4431,16548,12344,16495,21765,2517,5306,0,0,0
3/26/2019,38332,21734,60066,12115,4447,16562,12341,16481,21734,2510,5289,0,0,0
3/27/2019,38351,21760,60111,12110,4461,16571,12358,16489,21760,2511,5291,0,0,0
3/28/2019,38348,21803,60151,12095,4449,16544,12381,16512,21803,2511,5292,0,0,0
3/29/2019,38271,21780,60051,12018,4440,16458,12376,16509,21780,2515,5304,0,0,0
3/30/2019,38124,21770,59894,11963,4398,16361,12366,16504,21770,2493,5259,0,0,0
3/31/2019,38197,21760,59957,12028,4429,16457,12351,16481,21760,2493,5259,0,0,0
4/1/2019,38220,21731,59951,12032,4430,16462,12344,16479,21731,2503,5279,0,0,0
4/2/2019,38284,21744,60028,12071,4441,16512,12362,16500,21744,2499,5272,0,0,0
4/3/2019,38224,21767,59991,12048,4396,16444,12374,16516,21767,2494,5264,0,0,0
4/4/2019,38155,21715,59870,12006,4402,16408,12356,16485,21715,2492,5262,0,0,0
4/5/2019,38093,21690,59783,11977,4405,16382,12344,16459,21690,2488,5252,0,0,0
4/6/2019,38026,21709,59735,11913,4379,16292,12358,16482,21709,2488,5252,0,0,0
4/7/2019,38149,21722,59871,12006,4400,16406,12364,16490,21722,2489,5253,0,0,0
4/8/2019,38117,21643,59760,12009,4401,16410,12326,16439,21643,2497,5268,0,0,0
4/9/2019,37654,21056,58710,12003,4411,16414,12007,16015,21056,2481,5225,0,0,0
4/10/2019,37686,21124,58810,12016,4404,16420,12029,16048,21124,2478,5218,0,0,0
4/11/2019,37817,21154,58971,12051,4435,16486,12053,16085,21154,2492,5246,0,0,0
4/12/2019,37698,21059,58757,12043,4435,16478,11996,16003,21059,2476,5217,0,0,0
4/13/2019,37528,21051,58579,11916,4405,16321,11999,15988,21051,2476,5219,0,0,0
4/14/2019,37692,21062,58754,12008,4430,16438,12012,16007,21062,2489,5247,0,0,0
4/15/2019,37738,21021,58759,12082,4439,16521,11977,15972,21021,2489,5245,0,0,0
4/16/2019,37771,21023,58794,12095,4461,16556,11968,15963,21023,2492,5252,0,0,0
4/17/2019,37739,20954,58693,12126,4455,16581,11931,15907,20954,2492,5251,0,0,0
4/18/2019,37678,20915,58593,12098,4457,16555,11918,15897,20915,2479,5226,0,0,0
4/19/2019,37592,20924,58516,12018,4425,16443,11920,15897,20924,2491,5252,0,0,0
4/20/2019,37630,20940,58570,12041,4407,16448,11932,15928,20940,2492,5254,0,0,0
4/21/2019,37692,20948,58640,12074,4419,16493,11935,15935,20948,2497,5264,1,0,0
4/22/2019,37712,20874,58586,12119,4435,16554,11894,15885,20874,2502,5273,0,0,0
4/23/2019,37759,20858,58617,12110,4442,16552,11896,15897,20858,2520,5310,0,0,0
4/24/2019,37740,20909,58649,12108,4452,16560,11916,15912,20909,2499,5268,0,0,0
4/25/2019,37738,20927,58665,12108,4435,16543,11920,15901,20927,2512,5294,0,0,0
4/26/2019,37719,20963,58682,12076,4412,16488,11938,15934,20963,2513,5297,0,0,0
4/27/2019,37700,20945,58645,12050,4423,16473,11942,15944,20945,2505,5283,0,0,0
4/28/2019,37801,20941,58742,12136,4438,16574,11946,15945,20941,2504,5282,0,0,0
4/29/2019,37802,20905,58707,12142,4441,16583,11929,15929,20905,2508,5290,0,0,0
4/30/2019,37781,20931,58712,12079,4445,16524,11945,15953,20931,2515,5304,0,0,0
5/1/2019,37689,20921,58610,12035,4407,16442,11954,15947,20921,2513,5300,0,0,0
5/2/2019,37651,20864,58515,12049,4398,16447,11916,15903,20864,2513,5301,0,0,0
5/3/2019,37542,20808,58350,11977,4388,16365,11895,15865,20808,2520,5312,0,0,0
5/4/2019,37526,20870,58396,11957,4377,16334,11916,15901,20870,2507,5291,0,0,0
5/5/2019,37657,20883,58540,12059,4397,16456,11923,15914,20883,2505,5287,0,0,0
5/6/2019,37692,20873,58565,12062,4403,16465,11924,15919,20873,2516,5308,0,0,0
5/7/2019,37663,20882,58545,12079,4380,16459,11922,15906,20882,2513,5298,0,0,0
5/8/2019,37682,20902,58584,12068,4375,16443,11936,15913,20902,2525,5326,0,0,0
5/9/2019,37680,20937,58617,12052,4384,16436,11954,15932,20937,2519,5312,0,0,0
5/10/2019,37628,20926,58554,11999,4364,16363,11961,15935,20926,2527,5330,0,0,0
5/11/2019,37570,20924,58494,11987,4336,16323,11965,15941,20924,2514,5306,0,0,0
5/12/2019,37702,20928,58630,12056,4381,16437,11962,15953,20928,2517,5312,0,0,0
5/13/2019,37702,20928,58630,12056,4381,16437,11962,15953,20928,2517,5312,0,0,0
5/14/2019,37784,20889,58673,12125,4404,16529,11939,15925,20889,2527,5330,0,0,0
5/15/2019,37750,20936,58686,12104,4387,16491,11934,15921,20936,2532,5338,0,0,0
5/16/2019,37603,20893,58496,12028,4372,16400,11913,15885,20893,2521,5318,0,0,0
5/17/2019,37387,20859,58246,11886,4320,16206,11908,15875,20859,2515,5306,0,0,0
5/18/2019,37368,20858,58226,11868,4302,16170,11910,15885,20858,2516,5313,0,0,0
5/19/2019,37357,20842,58199,11893,4308,16201,11887,15851,20842,2512,5305,0,0,0
5/20/2019,37369,20822,58191,11921,4307,16228,11880,15830,20822,2515,5311,0,0,0
5/21/2019,37338,20807,58145,11932,4285,16217,11873,15826,20807,2509,5295,0,0,0
5/22/2019,37371,20800,58171,11929,4342,16271,11862,15813,20800,2504,5287,0,0,0
5/23/2019,37425,20799,58224,11962,4335,16297,11867,15823,20799,2512,5305,0,0,0
5/24/2019,37302,20765,58067,11879,4313,16192,11846,15808,20765,2511,5302,0,0,0
5/25/2019,37311,20766,58077,11867,4305,16172,11853,15826,20766,2515,5313,0,0,0
5/26/2019,37265,20762,58027,11846,4307,16153,11840,15808,20762,2511,5304,0,0,0
5/27/2019,37259,20709,57968,11863,4317,16180,11811,15774,20709,2512,5305,0,0,0
5/28/2019,37267,20740,58007,11856,4285,16141,11814,15778,20740,2532,5348,0,0,0
5/29/2019,37332,20708,58040,11936,4316,16252,11792,15755,20708,2521,5325,0,0,0
5/30/2019,37353,20739,58092,11907,4327,16234,11808,15780,20739,2527,5339,0,0,0
5/31/2019,37130,20704,57834,11749,4290,16039,11795,15759,20704,2525,5332,0,0,0
6/1/2019,37057,20686,57743,11691,4284,15975,11787,15751,20686,2522,5331,0,0,0
6/2/2019,37239,20696,57935,11789,4330,16119,11807,15778,20696,2527,5342,0,0,0
6/3/2019,37359,20738,58097,11856,4338,16194,11824,15811,20738,2533,5354,0,0,0
6/4/2019,37391,20713,58104,11912,4358,16270,11802,15778,20713,2529,5343,0,0,0
6/5/2019,37382,20711,58093,11911,4362,16273,11790,15766,20711,2529,5343,0,0,0
6/6/2019,37346,20750,58096,11901,4335,16236,11807,15778,20750,2524,5332,0,0,0
6/7/2019,37255,20719,57974,11840,4327,16167,11793,15771,20719,2516,5317,0,0,0
6/8/2019,37136,20708,57844,11786,4303,16089,11781,15755,20708,2502,5292,0,0,0
6/9/2019,37124,20734,57858,11746,4305,16051,11794,15774,20734,2505,5299,0,0,0
6/10/2019,37276,20734,58010,11832,4327,16159,11792,15775,20734,2526,5342,0,0,0
6/11/2019,37265,20739,58004,11810,4350,16160,11790,15770,20739,2522,5335,0,0,0
6/12/2019,37344,20781,58125,11869,4348,16217,11807,15789,20781,2525,5338,0,0,0
6/13/2019,37376,20763,58139,11882,4372,16254,11804,15788,20763,2522,5334,0,0,0
6/14/2019,37322,20805,58127,11825,4354,16179,11819,15799,20805,2526,5344,0,0,0
6/15/2019,37222,20812,58034,11733,4337,16070,11818,15807,20812,2526,5345,0,0,0
6/16/2019,37267,20795,58062,11792,4350,16142,11807,15797,20795,2518,5328,0,0,0
6/17/2019,37361,20809,58170,11840,4359,16199,11803,15789,20809,2539,5373,0,0,0
6/18/2019,37386,20810,58196,11867,4388,16255,11808,15791,20810,2523,5340,0,0,0
6/19/2019,37412,20803,58215,11871,4375,16246,11817,15803,20803,2534,5363,0,0,0
6/20/2019,37412,20827,58239,11862,4373,16235,11823,15815,20827,2533,5362,0,0,0
6/21/2019,37292,20797,58089,11800,4346,16146,11809,15795,20797,2528,5351,0,0,0
6/22/2019,37177,20762,57939,11734,4336,16070,11790,15783,20762,2515,5324,0,0,0
6/23/2019,37289,20785,58074,11823,4363,16186,11805,15809,20785,2500,5294,0,0,0
6/24/2019,37299,20742,58041,11835,4371,16206,11780,15770,20742,2515,5323,0,0,0
6/25/2019,37299,20721,58020,11849,4378,16227,11770,15759,20721,2510,5313,0,0,0
6/26/2019,37381,20787,58168,11854,4378,16232,11814,15828,20787,2513,5321,0,0,0
6/27/2019,37319,20745,58064,11811,4376,16187,11802,15818,20745,2510,5314,0,0,0
6/28/2019,37263,20772,58035,11778,4359,16137,11813,15826,20772,2503,5300,0,0,0
6/29/2019,37164,20749,57913,11707,4334,16041,11804,15812,20749,2508,5311,0,0,0
6/30/2019,37170,20740,57910,11726,4339,16065,11799,15797,20740,2507,5308,0,0,0
7/1/2019,37098,20728,57826,11708,4287,15995,11786,15768,20728,2521,5335,0,0,0
7/2/2019,37164,20764,57928,11731,4300,16031,11809,15797,20764,2524,5336,0,0,0
7/3/2019,37182,20845,58027,11716,4303,16019,11849,15844,20845,2516,5319,0,0,0
7/4/2019,37015,20845,57860,11580,4254,15834,11837,15842,20845,2527,5339,0,0,0
7/5/2019,37130,20871,58001,11640,4289,15929,11854,15869,20871,2523,5332,0,0,0
7/6/2019,37112,20859,57971,11662,4308,15970,11849,15862,20859,2498,5280,0,0,0
7/7/2019,37174,20864,58038,11700,4330,16030,11847,15856,20864,2503,5288,0,0,0
7/8/2019,37293,20848,58141,11752,4354,16106,11847,15860,20848,2522,5327,0,0,0
7/9/2019,37316,20882,58198,11762,4353,16115,11857,15882,20882,2518,5319,0,0,0
7/10/2019,37379,20943,58322,11798,4351,16149,11882,15918,20943,2514,5312,0,0,0
7/11/2019,37547,20971,58518,11904,4381,16285,11908,15947,20971,2515,5315,0,0,0
7/12/2019,37266,20906,58172,11751,4328,16079,11867,15883,20906,2510,5304,0,0,0
7/13/2019,37170,20910,58080,11673,4331,16004,11870,15887,20910,2497,5279,0,0,0
7/14/2019,37257,20860,58117,11762,4346,16108,11852,15865,20860,2499,5284,0,0,0
7/15/2019,37285,20851,58136,11776,4336,16112,11847,15865,20851,2510,5308,0,0,0
7/16/2019,37273,20846,58119,11796,4342,16138,11833,15849,20846,2501,5286,0,0,0
7/17/2019,37303,20861,58164,11802,4376,16178,11839,15859,20861,2490,5266,0,0,0
7/18/2019,37350,20901,58251,11829,4380,16209,11866,15884,20901,2485,5257,0,0,0
7/19/2019,37244,20871,58115,11762,4348,16110,11854,15860,20871,2494,5274,0,0,0
7/20/2019,37149,20832,57981,11718,4325,16043,11844,15845,20832,2488,5261,0,0,0
7/21/2019,37184,20794,57978,11747,4355,16102,11825,15819,20794,2490,5263,0,0,0
7/22/2019,37319,20846,58165,11799,4376,16175,11863,15871,20846,2496,5273,0,0,0
7/23/2019,37317,20908,58225,11809,4391,16200,11882,15895,20908,2471,5222,0,0,0
7/24/2019,37312,20980,58292,11792,4378,16170,11893,15915,20980,2472,5227,0,0,0
7/25/2019,37327,20924,58251,11822,4384,16206,11865,15874,20924,2482,5247,0,0,0
7/26/2019,37218,20940,58158,11727,4371,16098,11861,15860,20940,2489,5260,0,0,0
7/27/2019,37178,20958,58136,11670,4342,16012,11871,15879,20958,2502,5287,0,0,0
7/28/2019,37310,20979,58289,11746,4374,16120,11883,15895,20979,2506,5295,0,0,0
7/29/2019,37380,21027,58407,11779,4373,16152,11897,15923,21027,2512,5305,0,0,0
7/30/2019,37350,20982,58332,11813,4368,16181,11871,15899,20982,2496,5270,0,0,0
7/31/2019,37392,21010,58402,11833,4382,16215,11884,15904,21010,2498,5273,0,0,0
8/1/2019,37317,21044,58361,11744,4354,16098,11920,15943,21044,2500,5276,0,0,0
8/2/2019,37313,21076,58389,11718,4380,16098,11928,15945,21076,2497,5270,0,0,0
8/3/2019,37295,21099,58394,11740,4354,16094,11946,15971,21099,2478,5230,0,0,0
8/4/2019,37396,21124,58520,11807,4366,16173,11960,15996,21124,2476,5227,0,0,0
8/5/2019,37434,21136,58570,11796,4364,16160,11970,16012,21136,2495,5262,0,0,0
8/6/2019,37510,21146,58656,11841,4380,16221,11975,16026,21146,2497,5263,0,0,0
8/7/2019,37544,21144,58688,11847,4395,16242,11978,16025,21144,2503,5277,0,0,0
8/8/2019,37477,21172,58649,11782,4389,16171,12001,16053,21172,2490,5253,0,0,0
8/9/2019,37400,21184,58584,11747,4350,16097,12008,16064,21184,2483,5239,0,0,0
8/10/2019,37387,21213,58600,11724,4336,16060,12013,16078,21213,2487,5249,0,0,0
8/11/2019,37542,21267,58809,11791,4375,16166,12039,16119,21267,2490,5257,0,0,0
8/12/2019,37675,21273,58948,11865,4376,16241,12052,16138,21273,2509,5296,0,0,0
8/13/2019,37659,21275,58934,11854,4371,16225,12043,16137,21275,2509,5297,0,0,0
8/14/2019,37719,21299,59018,11873,4393,16266,12068,16158,21299,2508,5295,0,0,0
8/15/2019,37741,21341,59082,11889,4400,16289,12093,16182,21341,2497,5270,0,0,0
8/16/2019,37594,21316,58910,11793,4381,16174,12088,16167,21316,2487,5253,0,0,0
8/17/2019,37517,21313,58830,11755,4361,16116,12079,16143,21313,2489,5258,0,0,0
8/18/2019,37694,21375,59069,11846,4413,16259,12103,16175,21375,2490,5260,0,0,0
8/19/2019,37717,21307,59024,11877,4406,16283,12070,16136,21307,2509,5298,0,0,0
8/20/2019,37676,21304,58980,11882,4394,16276,12061,16122,21304,2499,5278,0,0,0
8/21/2019,37683,21334,59017,11853,4397,16250,12081,16148,21334,2502,5285,0,0,0
8/22/2019,37705,21304,59009,11880,4411,16291,12071,16123,21304,2506,5291,0,0,0
8/23/2019,37600,21298,58898,11767,4428,16195,12065,16126,21298,2500,5279,0,0,0
8/24/2019,37574,21293,58867,11746,4414,16160,12074,16136,21293,2498,5278,0,0,0
8/25/2019,37674,21279,58953,11824,4438,16262,12063,16129,21279,2500,5283,0,0,0
8/26/2019,37750,21291,59041,11858,4455,16313,12062,16123,21291,2516,5314,0,0,0
8/27/2019,37717,21235,58952,11887,4450,16337,12032,16083,21235,2508,5297,0,0,0
8/28/2019,37832,21310,59142,11946,4477,16423,12074,16127,21310,2501,5282,0,0,0
8/29/2019,37757,21356,59113,11875,4458,16333,12092,16152,21356,2496,5272,0,0,0
8/30/2019,37566,21343,58909,11706,4430,16136,12082,16131,21343,2508,5299,0,0,0
8/31/2019,37552,21315,58867,11702,4432,16134,12066,16120,21315,2507,5298,0,0,0
9/1/2019,37527,21331,58858,11707,4422,16129,12073,16128,21331,2492,5270,0,0,0
9/2/2019,37634,21344,58978,11772,4438,16210,12084,16152,21344,2493,5272,0,0,0
9/3/2019,37722,21376,59098,11789,4433,16222,12114,16184,21376,2515,5316,0,0,0
9/4/2019,37830,21402,59232,11862,4444,16306,12126,16204,21402,2516,5320,0,0,0
9/5/2019,37889,21483,59372,11861,4468,16329,12155,16249,21483,2512,5311,0,0,0
9/6/2019,37820,21478,59298,11805,4458,16263,12157,16245,21478,2514,5312,0,0,0
9/7/2019,37788,21457,59245,11792,4467,16259,12155,16240,21457,2503,5289,0,0,0
9/8/2019,37961,21515,59476,11867,4488,16355,12197,16306,21515,2508,5300,0,0,0
9/9/2019,38030,21527,59557,11897,4478,16375,12201,16310,21527,2529,5345,0,0,0
9/10/2019,38039,21522,59561,11906,4511,16417,12191,16291,21522,2521,5331,0,0,0
9/11/2019,38022,21582,59604,11878,4513,16391,12215,16311,21582,2515,5320,0,0,0
9/12/2019,38130,21630,59760,11911,4537,16448,12244,16363,21630,2516,5319,0,0,0
9/13/2019,38021,21595,59616,11853,4506,16359,12235,16351,21595,2514,5311,0,0,0
9/14/2019,37916,21595,59511,11825,4481,16306,12227,16332,21595,2500,5278,0,0,0
9/15/2019,38021,21636,59657,11873,4509,16382,12253,16357,21636,2498,5282,0,0,0
9/16/2019,38070,21635,59705,11871,4526,16397,12252,16361,21635,2512,5312,0,0,0
9/17/2019,38031,21590,59621,11875,4546,16421,12209,16312,21590,2507,5298,0,0,0
9/18/2019,38149,21653,59802,11929,4556,16485,12240,16362,21653,2510,5302,0,0,0
9/19/2019,38187,21649,59836,11972,4583,16555,12224,16337,21649,2506,5295,0,0,0
9/20/2019,37980,21623,59603,11844,4537,16381,12208,16324,21623,2497,5275,0,0,0
9/21/2019,37880,21559,59439,11806,4520,16326,12178,16283,21559,2492,5271,0,0,0
9/22/2019,37960,21563,59523,11887,4527,16414,12174,16279,21563,2489,5267,0,0,0
9/23/2019,38039,21612,59651,11911,4510,16421,12207,16332,21612,2499,5286,0,0,0
9/24/2019,38107,21582,59689,11936,4561,16497,12193,16324,21582,2499,5286,0,0,0
9/25/2019,38154,21592,59746,11941,4556,16497,12212,16342,21592,2512,5315,0,0,0
9/26/2019,38221,21620,59841,11952,4579,16531,12224,16355,21620,2521,5335,0,0,0
9/27/2019,38023,21594,59617,11846,4563,16409,12211,16330,21594,2497,5284,0,0,0
9/28/2019,38001,21625,59626,11841,4529,16370,12228,16358,21625,2492,5273,0,0,0
9/29/2019,38149,21670,59819,11917,4556,16473,12249,16387,21670,2500,5289,0,0,0
9/30/2019,38094,21601,59695,11914,4543,16457,12219,16346,21601,2501,5291,0,0,0
10/1/2019,38049,21585,59634,11875,4523,16398,12207,16342,21585,2511,5309,0,0,0
10/2/2019,38149,21616,59765,11898,4541,16439,12236,16383,21616,2519,5327,0,0,0
10/3/2019,38164,21667,59831,11921,4541,16462,12246,16391,21667,2513,5311,0,0,0
10/4/2019,38049,21707,59756,11836,4508,16344,12256,16403,21707,2509,5302,0,0,0
10/5/2019,38051,21675,59726,11860,4518,16378,12237,16384,21675,2503,5289,0,0,0
10/6/2019,38121,21694,59815,11909,4524,16433,12253,16395,21694,2504,5293,0,0,0
10/7/2019,38164,21692,59856,11955,4520,16475,12233,16370,21692,2517,5319,0,0,0
10/8/2019,38219,21713,59932,11993,4553,16546,12239,16379,21713,2505,5294,0,0,0
10/9/2019,38200,21682,59882,12000,4565,16565,12230,16349,21682,2501,5286,0,0,0
10/10/2019,38234,21726,59960,11980,4565,16545,12241,16369,21726,2517,5320,0,0,0
10/11/2019,38164,21738,59902,11911,4546,16457,12243,16366,21738,2530,5341,0,0,0
10/12/2019,38183,21770,59953,11876,4555,16431,12267,16411,21770,2531,5341,0,0,0
10/13/2019,38318,21808,60126,11970,4547,16517,12293,16450,21808,2534,5351,0,0,0
10/14/2019,38350,21756,60106,12014,4568,16582,12277,16418,21756,2534,5350,0,0,0
10/15/2019,38376,21808,60184,12014,4573,16587,12298,16447,21808,2531,5342,0,0,0
10/16/2019,38376,21752,60128,12035,4591,16626,12264,16399,21752,2536,5351,0,0,0
10/17/2019,38196,21718,59914,11920,4578,16498,12244,16361,21718,2529,5337,0,0,0
10/18/2019,38292,21779,60071,11975,4568,16543,12280,16414,21779,2528,5335,0,0,0
10/19/2019,38199,21718,59917,11946,4558,16504,12237,16368,21718,2524,5327,0,0,0
10/20/2019,38213,21732,59945,11951,4551,16502,12246,16366,21732,2532,5345,0,0,0
10/21/2019,38353,21721,60074,12067,4580,16647,12240,16360,21721,2532,5346,0,0,0
10/22/2019,38366,21734,60100,12055,4592,16647,12244,16375,21734,2532,5344,0,0,0
10/23/2019,38423,21769,60192,12080,4596,16676,12252,16399,21769,2535,5348,0,0,0
10/24/2019,38388,21754,60142,12108,4584,16692,12227,16364,21754,2528,5332,0,0,0
10/25/2019,38296,21739,60035,12019,4580,16599,12212,16342,21739,2539,5355,0,0,0
10/26/2019,38246,21767,60013,11957,4574,16531,12226,16367,21767,2536,5348,0,0,0
10/27/2019,38328,21786,60114,12049,4591,16640,12232,16379,21786,2516,5309,0,0,0
10/28/2019,38355,21765,60120,12078,4577,16655,12218,16361,21765,2531,5339,0,0,0
10/29/2019,38415,21766,60181,12116,4598,16714,12213,16356,21766,2535,5345,0,0,0
10/30/2019,38337,21732,60069,12077,4602,16679,12200,16325,21732,2529,5333,0,0,0
10/31/2019,38249,21753,60002,12007,4562,16569,12211,16343,21753,2530,5337,0,0,0
11/1/2019,38019,21746,59765,11880,4500,16380,12197,16326,21746,2517,5313,0,0,0
11/2/2019,38084,21725,59809,11920,4526,16446,12194,16335,21725,2513,5303,0,0,0
11/3/2019,38235,21743,59978,12018,4529,16547,12207,16349,21743,2530,5339,0,0,0
11/4/2019,38221,21730,59951,12044,4504,16548,12192,16322,21730,2536,5351,0,0,0
11/5/2019,38233,21750,59983,12061,4525,16586,12196,16326,21750,2523,5321,0,0,0
11/6/2019,38312,21809,60121,12059,4544,16603,12223,16356,21809,2537,5353,0,0,0
11/7/2019,38335,21835,60170,12077,4566,16643,12230,16369,21835,2523,5323,0,0,0
11/8/2019,38281,21794,60075,12083,4563,16646,12205,16332,21794,2517,5303,0,0,0
11/9/2019,38293,21803,60096,12070,4582,16652,12209,16341,21803,2516,5300,0,0,0
11/10/2019,38368,21860,60228,12112,4576,16688,12242,16387,21860,2513,5293,0,0,0
11/11/2019,38475,21867,60342,12140,4609,16749,12259,16417,21867,2521,5309,0,0,0
11/12/2019,38600,21879,60479,12210,4633,16843,12260,16419,21879,2534,5338,0,0,0
11/13/2019,38612,21876,60488,12236,4626,16862,12255,16414,21876,2533,5336,0,0,0
11/14/2019,38569,21910,60479,12198,4614,16812,12275,16443,21910,2523,5314,0,0,0
11/15/2019,38508,21893,60401,12157,4590,16747,12269,16440,21893,2528,5321,0,0,0
11/16/2019,38424,21883,60307,12108,4616,16724,12263,16411,21883,2513,5289,0,0,0
11/17/2019,38544,21893,60437,12199,4625,16824,12275,16434,21893,2513,5286,0,0,0
11/18/2019,38602,21861,60463,12270,4638,16908,12261,16412,21861,2510,5282,0,0,0
11/19/2019,38558,21847,60405,12282,4618,16900,12242,16384,21847,2505,5274,0,0,0
11/20/2019,38520,21831,60351,12268,4608,16876,12241,16381,21831,2500,5263,0,0,0
11/21/2019,38521,21818,60339,12247,4624,16871,12234,16374,21818,2506,5276,0,0,0
11/22/2019,38402,21779,60181,12205,4599,16804,12219,16338,21779,2497,5260,0,0,0
11/23/2019,38393,21747,60140,12217,4598,16815,12208,16325,21747,2493,5253,0,0,0
11/24/2019,38438,21728,60166,12269,4609,16878,12206,16319,21728,2487,5241,0,0,0
11/25/2019,38468,21767,60235,12229,4625,16854,12228,16342,21767,2504,5272,0,0,0
11/26/2019,38388,21728,60116,12213,4616,16829,12198,16321,21728,2488,5238,0,0,0
11/27/2019,38249,21698,59947,12130,4591,16721,12189,16301,21698,2483,5227,0,0,0
11/28/2019,38168,21706,59874,12022,4587,16609,12197,16308,21706,2496,5251,0,1,0
11/29/2019,38152,21662,59814,12062,4559,16621,12171,16277,21662,2497,5254,0,0,0
11/30/2019,38214,21695,59909,12117,4565,16682,12188,16302,21695,2486,5230,0,0,0
12/1/2019,38365,21683,60048,12241,4594,16835,12179,16298,21683,2487,5232,0,0,0
12/2/2019,38394,21694,60088,12253,4595,16848,12183,16314,21694,2487,5232,0,0,0
12/3/2019,38371,21680,60051,12224,4621,16845,12167,16282,21680,2493,5244,0,0,0
12/4/2019,38325,21618,59943,12231,4630,16861,12149,16243,21618,2482,5221,0,0,0
12/5/2019,38316,21600,59916,12263,4633,16896,12121,16206,21600,2478,5214,0,0,0
12/6/2019,38252,21615,59867,12203,4629,16832,12118,16209,21615,2476,5211,0,0,0
12/7/2019,38293,21628,59921,12204,4640,16844,12128,16220,21628,2485,5229,0,0,0
12/8/2019,38363,21673,60036,12268,4625,16893,12158,16251,21673,2480,5219,0,0,0
12/9/2019,38404,21639,60043,12309,4627,16936,12143,16235,21639,2487,5233,0,0,0
12/10/2019,38355,21624,59979,12267,4662,16929,12129,16215,21624,2476,5211,0,0,0
12/11/2019,38366,21634,60000,12268,4671,16939,12120,16207,21634,2481,5220,0,0,0
12/12/2019,38392,21647,60039,12262,4668,16930,12138,16240,21647,2482,5222,0,0,0
12/13/2019,38286,21625,59911,12227,4612,16839,12120,16214,21625,2488,5233,0,0,0
12/14/2019,38265,21595,59860,12225,4616,16841,12116,16210,21595,2478,5214,0,0,0
12/15/2019,38357,21640,59997,12255,4631,16886,12135,16244,21640,2485,5227,0,0,0
12/16/2019,38435,21628,60063,12344,4631,16975,12124,16232,21628,2486,5228,0,0,0
12/17/2019,38382,21583,59965,12310,4665,16975,12090,16190,21583,2481,5217,0,0,0
12/18/2019,38380,21567,59947,12306,4676,16982,12082,16176,21567,2484,5222,0,0,0
12/19/2019,38440,21544,59984,12348,4687,17035,12074,16171,21544,2489,5234,0,0,0
12/20/2019,38322,21546,59868,12259,4653,16912,12074,16176,21546,2488,5234,0,0,0
12/21/2019,38310,21537,59847,12251,4655,16906,12081,16185,21537,2481,5219,0,0,0
12/22/2019,38377,21540,59917,12310,4659,16969,12089,16195,21540,2478,5213,0,0,0
12/23/2019,38386,21541,59927,12294,4651,16945,12091,16198,21541,2493,5243,0,0,0
12/24/2019,38083,21430,59513,12196,4565,16761,12025,16107,21430,2480,5215,0,0,0
12/25/2019,38194,21461,59655,12263,4574,16837,12040,16120,21461,2491,5237,0,0,1
12/26/2019,38220,21473,59693,12277,4584,16861,12036,16125,21473,2489,5234,0,0,0
12/27/2019,38035,21367,59402,12212,4584,16796,11966,16027,21367,2478,5212,0,0,0
12/28/2019,37987,21302,59289,12245,4570,16815,11921,15976,21302,2470,5196,0,0,0
12/29/2019,38014,21263,59277,12280,4582,16862,11902,15955,21263,2471,5197,0,0,0
12/30/2019,38081,21266,59347,12311,4606,16917,11910,15967,21266,2471,5197,0,0,0
12/31/2019,37705,21322,59027,11965,4543,16508,11931,15992,21322,2474,5205,0,0,0
1/1/2020,38026,21352,59378,12213,4569,16782,11947,16016,21352,2485,5228,0,0,0
1/2/2020,38039,21341,59380,12213,4584,16797,11943,16014,21341,2485,5228,0,0,0
1/3/2020,37963,21288,59251,12159,4586,16745,11914,15979,21288,2489,5239,0,0,0
1/4/2020,37952,21292,59244,12162,4569,16731,11915,15987,21292,2487,5234,0,0,0
1/5/2020,38174,21367,59541,12293,4606,16899,11957,16050,21367,2483,5225,0,0,0
1/6/2020,38171,21327,59498,12327,4611,16938,11934,16007,21327,2483,5226,0,0,0
1/7/2020,38236,21347,59583,12353,4635,16988,11946,16022,21347,2485,5226,0,0,0
1/8/2020,38272,21354,59626,12383,4633,17016,11967,16045,21354,2476,5211,0,0,0
1/9/2020,38356,21457,59813,12391,4656,17047,12017,16102,21457,2475,5207,0,0,0
1/10/2020,38204,21443,59647,12308,4619,16927,12011,16082,21443,2469,5195,0,0,0
1/11/2020,38212,21471,59683,12323,4607,16930,12024,16096,21471,2464,5186,0,0,0
1/12/2020,38281,21493,59774,12383,4636,17019,12023,16092,21493,2458,5170,0,0,0
1/13/2020,38368,21479,59847,12403,4638,17041,12018,16095,21479,2488,5232,0,0,0
1/14/2020,38490,21512,60002,12440,4664,17104,12044,16135,21512,2495,5251,0,0,0
1/15/2020,38400,21505,59905,12404,4658,17062,12031,16115,21505,2481,5223,0,0,0
1/16/2020,38418,21497,59915,12411,4674,17085,12028,16115,21497,2479,5218,0,0,0
1/17/2020,38400,21467,59867,12392,4675,17067,12012,16092,21467,2490,5241,0,0,0
1/18/2020,38368,21422,59790,12400,4695,17095,11989,16065,21422,2474,5208,0,0,0
1/19/2020,38415,21422,59837,12423,4700,17123,11990,16074,21422,2478,5218,0,0,0
1/20/2020,38465,21404,59869,12477,4701,17178,11974,16051,21404,2486,5236,0,0,0
1/21/2020,38512,21445,59957,12490,4722,17212,11987,16070,21445,2483,5230,0,0,0
1/22/2020,38469,21419,59888,12469,4738,17207,11966,16040,21419,2482,5222,0,0,0
1/23/2020,38464,21399,59863,12455,4728,17183,11966,16035,21399,2493,5246,0,0,0
1/24/2020,38330,21356,59686,12391,4691,17082,11946,16015,21356,2489,5233,0,0,0
1/25/2020,38367,21362,59729,12424,4709,17133,11951,16032,21362,2471,5202,0,0,0
1/26/2020,38431,21372,59803,12482,4721,17203,11957,16034,21372,2467,5194,0,0,0
1/27/2020,38466,21370,59836,12484,4734,17218,11952,16031,21370,2478,5217,0,0,0
1/28/2020,38458,21295,59753,12510,4741,17251,11921,15987,21295,2480,5220,0,0,0
1/29/2020,38405,21300,59705,12488,4731,17219,11926,15977,21300,2475,5209,0,0,0
1/30/2020,38374,21268,59642,12504,4731,17235,11903,15927,21268,2476,5212,0,0,0
1/31/2020,38216,21278,59494,12401,4677,17078,11904,15939,21278,2469,5199,0,0,0
2/1/2020,38161,21237,59398,12396,4668,17064,11879,15911,21237,2463,5186,0,0,0
2/2/2020,38231,21252,59483,12454,4680,17134,11881,15921,21252,2458,5176,0,0,0
2/3/2020,38222,21251,59473,12417,4689,17106,11881,15914,21251,2470,5202,0,0,0
2/4/2020,37932,20906,58838,12409,4717,17126,11639,15635,20906,2456,5171,0,0,0
2/5/2020,38032,20941,58973,12479,4711,17190,11662,15665,20941,2457,5177,0,0,0
2/6/2020,38023,20939,58962,12471,4696,17167,11674,15678,20939,2458,5178,0,0,0
2/7/2020,37967,20902,58869,12448,4690,17138,11659,15656,20902,2454,5173,0,0,0
2/8/2020,37971,20854,58825,12464,4704,17168,11623,15598,20854,2468,5205,0,0,0
2/9/2020,38043,20871,58914,12505,4700,17205,11639,15627,20871,2471,5211,0,0,0
2/10/2020,38018,20854,58872,12503,4701,17204,11619,15601,20854,2472,5213,0,0,0
2/11/2020,38032,20868,58900,12522,4702,17224,11627,15613,20868,2463,5195,0,0,0
2/12/2020,38013,20850,58863,12504,4710,17214,11613,15592,20850,2470,5207,0,0,0
2/13/2020,38042,20874,58916,12527,4712,17239,11624,15603,20874,2467,5200,0,0,0
2/14/2020,37969,20837,58806,12482,4680,17162,11614,15600,20837,2471,5207,0,0,0
2/15/2020,38019,20831,58850,12518,4688,17206,11618,15602,20831,2473,5211,0,0,0
2/16/2020,38034,20813,58847,12547,4692,17239,11614,15597,20813,2467,5198,0,0,0
2/17/2020,38077,20796,58873,12566,4717,17283,11603,15592,20796,2470,5202,0,0,0
2/18/2020,38078,20774,58852,12576,4711,17287,11597,15574,20774,2476,5217,0,0,0
2/19/2020,38000,20742,58742,12580,4703,17283,11566,15536,20742,2459,5181,0,0,0
2/20/2020,37989,20730,58719,12603,4693,17296,11554,15511,20730,2459,5182,0,0,0
2/21/2020,37926,20744,58670,12560,4683,17243,11561,15511,20744,2453,5172,0,0,0
2/22/2020,37973,20764,58737,12562,4666,17228,11583,15557,20764,2461,5188,0,0,0
2/23/2020,38026,20748,58774,12582,4690,17272,11579,15557,20748,2466,5197,0,0,0
2/24/2020,37996,20700,58696,12579,4697,17276,11552,15521,20700,2467,5199,0,0,0
2/25/2020,37972,20683,58655,12584,4694,17278,11539,15495,20683,2466,5199,0,0,0
2/26/2020,37853,20654,58507,12521,4690,17211,11516,15454,20654,2461,5188,0,0,0
2/27/2020,37879,20664,58543,12579,4681,17260,11516,15437,20664,2458,5182,0,0,0
2/28/2020,37814,20661,58475,12533,4659,17192,11519,15444,20661,2455,5178,0,0,0
2/29/2020,37790,20690,58480,12535,4660,17195,11519,15448,20690,2441,5147,0,0,0
3/1/2020,37799,20652,58451,12552,4683,17235,11498,15425,20652,2436,5139,0,0,0
3/2/2020,37786,20631,58417,12530,4675,17205,11488,15415,20631,2448,5166,0,0,0
3/3/2020,37804,20638,58442,12539,4683,17222,11472,15405,20638,2455,5177,0,0,0
3/4/2020,37744,20597,58341,12524,4679,17203,11441,15354,20597,2460,5187,0,0,0
3/5/2020,37681,20542,58223,12529,4662,17191,11428,15323,20542,2451,5167,0,0,0
3/6/2020,37606,20480,58086,12496,4658,17154,11409,15280,20480,2452,5172,0,0,0
3/7/2020,37606,20499,58105,12453,4661,17114,11426,15309,20499,2457,5183,0,0,0
3/8/2020,37680,20478,58158,12522,4660,17182,11418,15305,20478,2462,5193,0,0,0
3/9/2020,37688,20453,58141,12527,4660,17187,11410,15280,20453,2476,5221,0,0,0
3/10/2020,37667,20453,58120,12527,4664,17191,11414,15286,20453,2461,5190,0,0,0
3/11/2020,37653,20465,58118,12519,4663,17182,11416,15276,20465,2463,5195,0,0,0
3/12/2020,37684,20488,58172,12561,4656,17217,11423,15291,20488,2457,5176,0,0,0
3/13/2020,37532,20458,57990,12493,4627,17120,11408,15277,20458,2437,5135,0,0,0
3/14/2020,37452,20467,57919,12436,4600,17036,11406,15281,20467,2438,5135,0,0,0
3/15/2020,37529,20492,58021,12488,4637,17125,11408,15278,20492,2433,5126,0,0,0
3/16/2020,37480,20401,57881,12506,4628,17134,11357,15210,20401,2437,5136,0,0,0
3/17/2020,37503,20421,57924,12511,4626,17137,11373,15228,20421,2438,5138,0,0,0
3/18/2020,37492,20372,57864,12537,4619,17156,11344,15189,20372,2442,5147,0,0,0
3/19/2020,37455,20358,57813,12528,4618,17146,11317,15158,20358,2444,5151,0,0,0
3/20/2020,37303,20352,57655,12413,4610,17023,11310,15148,20352,2433,5132,0,0,0
3/21/2020,37353,20351,57704,12462,4598,17060,11319,15163,20351,2432,5130,0,0,0
3/22/2020,37478,20358,57836,12539,4616,17155,11332,15175,20358,2441,5148,0,0,0
3/23/2020,37520,20383,57903,12579,4608,17187,11355,15199,20383,2435,5134,0,0,0
3/24/2020,37567,20406,57973,12565,4603,17168,11387,15242,20406,2446,5157,0,0,0
3/25/2020,37603,20372,57975,12573,4619,17192,11400,15260,20372,2444,5151,0,0,0
3/26/2020,37604,20371,57975,12574,4612,17186,11412,15267,20371,2445,5151,0,0,0
3/27/2020,37562,20357,57919,12562,4578,17140,11430,15285,20357,2439,5137,0,0,0
3/28/2020,37667,20347,58014,12622,4614,17236,11437,15301,20347,2436,5130,0,0,0
3/29/2020,37680,20362,58042,12618,4621,17239,11441,15303,20362,2440,5138,0,0,0
3/30/2020,37708,20347,58055,12635,4635,17270,11437,15299,20347,2441,5139,0,0,0
3/31/2020,37757,20341,58098,12677,4629,17306,11433,15298,20341,2448,5153,0,0,0
4/1/2020,37728,20330,58058,12659,4617,17276,11436,15301,20330,2446,5151,0,0,0
4/2/2020,37674,20265,57939,12673,4618,17291,11398,15254,20265,2435,5129,0,0,0
4/3/2020,37709,20273,57982,12680,4617,17297,11414,15266,20273,2444,5146,0,0,0
4/4/2020,37698,20280,57978,12681,4618,17299,11409,15262,20280,2440,5137,0,0,0
4/5/2020,37747,20274,58021,12695,4631,17326,11406,15262,20274,2450,5159,0,0,0
4/6/2020,37702,20278,57980,12669,4609,17278,11414,15270,20278,2448,5154,0,0,0
4/7/2020,37716,20266,57982,12686,4617,17303,11399,15253,20266,2450,5160,0,0,0
4/8/2020,37667,20254,57921,12694,4631,17325,11351,15192,20254,2445,5150,0,0,0
4/9/2020,37621,20221,57842,12692,4633,17325,11329,15175,20221,2433,5121,0,0,0
4/10/2020,37577,20185,57762,12658,4636,17294,11318,15161,20185,2433,5122,0,0,0
4/11/2020,37591,20181,57772,12667,4622,17289,11334,15179,20181,2431,5123,0,0,0
4/12/2020,37606,20170,57776,12667,4626,17293,11352,15188,20170,2432,5125,1,0,0
4/13/2020,37664,20181,57845,12693,4635,17328,11371,15219,20181,2428,5117,0,0,0
4/14/2020,37536,20109,57645,12643,4621,17264,11332,15163,20109,2425,5109,0,0,0
4/15/2020,37493,20091,57584,12637,4628,17265,11312,15137,20091,2415,5091,0,0,0
4/16/2020,37478,20023,57501,12720,4662,17382,11230,15032,20023,2402,5064,0,0,0
4/17/2020,37455,20003,57458,12786,4638,17424,11163,14971,20003,2401,5060,0,0,0
4/18/2020,37503,19998,57501,12810,4649,17459,11165,14974,19998,2407,5070,0,0,0
4/19/2020,37456,19991,57447,12781,4628,17409,11164,14971,19991,2410,5076,0,0,0
4/20/2020,37403,19965,57368,12766,4608,17374,11149,14955,19965,2409,5074,0,0,0
4/21/2020,37333,19949,57282,12714,4608,17322,11143,14947,19949,2404,5064,0,0,0
4/22/2020,37386,19976,57362,12779,4595,17374,11155,14964,19976,2396,5048,0,0,0
4/23/2020,37336,19948,57284,12753,4608,17361,11129,14930,19948,2395,5045,0,0,0
4/24/2020,37247,19891,57138,12702,4617,17319,11103,14890,19891,2393,5038,0,0,0
4/25/2020,37222,19899,57121,12702,4614,17316,11108,14891,19899,2381,5015,0,0,0
4/26/2020,37311,19892,57203,12782,4630,17412,11098,14883,19892,2381,5016,0,0,0
4/27/2020,37308,19861,57169,12805,4623,17428,11087,14859,19861,2383,5021,0,0,0
4/28/2020,37239,19858,57097,12774,4601,17375,11089,14861,19858,2373,5003,0,0,0
4/29/2020,37148,19819,56967,12764,4594,17358,11065,14829,19819,2351,4961,0,0,0
4/30/2020,37084,19792,56876,12753,4546,17299,11064,14824,19792,2351,4961,0,0,0
5/1/2020,36955,19750,56705,12703,4499,17202,11030,14771,19750,2361,4982,0,0,0
5/2/2020,36907,19762,56669,12654,4477,17131,11047,14793,19762,2364,4983,0,0,0
5/3/2020,36915,19730,56645,12685,4484,17169,11032,14771,19730,2357,4975,0,0,0
5/4/2020,36972,19749,56721,12710,4493,17203,11038,14783,19749,2364,4986,0,0,0
5/5/2020,36941,19726,56667,12734,4496,17230,11028,14767,19726,2342,4944,0,0,0
5/6/2020,37006,19760,56766,12748,4529,17277,11040,14788,19760,2341,4941,0,0,0
5/7/2020,36932,19760,56692,12711,4517,17228,11033,14773,19760,2337,4931,0,0,0
5/8/2020,37038,19707,56745,12809,4531,17340,11011,14748,19707,2345,4950,0,0,0
5/9/2020,37061,19710,56771,12800,4542,17342,11013,14754,19710,2351,4965,0,0,0
5/10/2020,37096,19706,56802,12826,4536,17362,11015,14753,19706,2358,4981,0,0,0
5/11/2020,37099,19700,56799,12810,4561,17371,11014,14750,19700,2356,4978,0,0,0
5/12/2020,36987,19649,56636,12788,4539,17327,10990,14715,19649,2340,4945,0,0,0
5/13/2020,36952,19676,56628,12744,4516,17260,11014,14747,19676,2341,4945,0,0,0
5/14/2020,36924,19628,56552,12790,4501,17291,10978,14700,19628,2335,4933,0,0,0
5/15/2020,36876,19616,56492,12745,4493,17238,10976,14698,19616,2337,4940,0,0,0
5/16/2020,36889,19598,56487,12775,4488,17263,10960,14681,19598,2340,4945,0,0,0
5/17/2020,36937,19574,56511,12815,4504,17319,10948,14669,19574,2342,4949,0,0,0
5/18/2020,36933,19528,56461,12830,4499,17329,10942,14657,19528,2342,4947,0,0,0
5/19/2020,36948,19566,56514,12825,4503,17328,10956,14677,19566,2339,4943,0,0,0
5/20/2020,36975,19559,56534,12872,4510,17382,10953,14674,19559,2328,4919,0,0,0
5/21/2020,36934,19546,56480,12871,4506,17377,10930,14637,19546,2328,4920,0,0,0
5/22/2020,36888,19552,56440,12819,4496,17315,10946,14659,19552,2325,4914,0,0,0
5/23/2020,36870,19494,56364,12821,4523,17344,10918,14611,19494,2325,4915,0,0,0
5/24/2020,36844,19490,56334,12810,4510,17320,10919,14612,19490,2325,4912,0,0,0
5/25/2020,36871,19522,56393,12813,4501,17314,10938,14639,19522,2328,4918,0,0,0
5/26/2020,36883,19541,56424,12811,4506,17317,10942,14642,19541,2332,4924,0,0,0
5/27/2020,36892,19550,56442,12830,4512,17342,10949,14641,19550,2324,4909,0,0,0
5/28/2020,36870,19485,56355,12860,4504,17364,10923,14608,19485,2319,4898,0,0,0
5/29/2020,36842,19472,56314,12841,4495,17336,10922,14609,19472,2319,4897,0,0,0
5/30/2020,36753,19414,56167,12797,4502,17299,10887,14566,19414,2315,4888,0,0,0
5/31/2020,36873,19410,56283,12891,4522,17413,10887,14569,19410,2317,4891,0,0,0
6/1/2020,36916,19403,56319,12957,4501,17458,10885,14564,19403,2319,4894,0,0,0
6/2/2020,36918,19409,56327,12983,4492,17475,10888,14567,19409,2311,4876,0,0,0
6/3/2020,36880,19369,56249,12972,4501,17473,10859,14528,19369,2312,4879,0,0,0
6/4/2020,36856,19329,56185,12993,4504,17497,10840,14498,19329,2304,4861,0,0,0
6/5/2020,36852,19249,56101,13031,4479,17510,10809,14451,19249,2318,4891,0,0,0
6/6/2020,36766,19256,56022,12958,4478,17436,10810,14446,19256,2314,4884,0,0,0
6/7/2020,36766,19256,56022,12958,4478,17436,10810,14446,19256,2314,4884,0,0,0
6/8/2020,36851,19265,56116,13021,4472,17493,10821,14477,19265,2312,4881,0,0,0
6/9/2020,36836,19246,56082,13035,4465,17500,10813,14471,19246,2305,4865,0,0,0
6/10/2020,36811,19224,56035,13033,4481,17514,10796,14447,19224,2297,4850,0,0,0
6/11/2020,36788,19240,56028,13001,4501,17502,10802,14451,19240,2290,4835,0,0,0
6/12/2020,36737,19224,55961,12956,4497,17453,10797,14439,19224,2295,4845,0,0,0
6/13/2020,36734,19238,55972,12935,4478,17413,10805,14453,19238,2306,4868,0,0,0
6/14/2020,36794,19237,56031,12993,4491,17484,10801,14448,19237,2303,4862,0,0,0
6/15/2020,36814,19256,56070,13012,4467,17479,10800,14444,19256,2318,4891,0,0,0
6/16/2020,36814,19256,56070,13012,4467,17479,10800,14444,19256,2318,4891,0,0,0
6/17/2020,36717,19195,55912,13052,4442,17494,10774,14394,19195,2286,4829,0,0,0
6/18/2020,36640,19170,55810,13054,4387,17441,10755,14365,19170,2289,4834,0,0,0
6/19/2020,36647,19136,55783,13031,4466,17497,10725,14332,19136,2282,4818,0,0,0
6/20/2020,36641,19133,55774,13028,4471,17499,10722,14328,19133,2281,4814,0,0,0
6/21/2020,36638,19131,55769,12991,4493,17484,10727,14338,19131,2281,4816,0,0,0
6/22/2020,36687,19170,55857,13010,4485,17495,10742,14365,19170,2287,4827,0,0,0
6/23/2020,36689,19152,55841,13009,4478,17487,10745,14370,19152,2289,4832,0,0,0
6/24/2020,36614,19045,55659,13045,4492,17537,10675,14276,19045,2273,4801,0,0,0
6/25/2020,36605,19018,55623,13035,4492,17527,10681,14279,19018,2272,4799,0,0,0
6/26/2020,36530,18983,55513,12985,4487,17472,10662,14261,18983,2271,4797,0,0,0
6/27/2020,36530,18983,55513,12985,4487,17472,10662,14261,18983,2271,4797,0,0,0
6/28/2020,36556,18984,55540,13056,4467,17523,10657,14256,18984,2261,4777,0,0,0
6/29/2020,36565,18980,55545,13080,4466,17546,10658,14260,18980,2253,4759,0,0,0
6/30/2020,36562,18991,55553,13066,4464,17530,10664,14260,18991,2260,4772,0,0,0
7/1/2020,36559,19001,55560,13038,4453,17491,10677,14286,19001,2264,4782,0,0,0
7/2/2020,36486,18987,55473,13005,4453,17458,10670,14266,18987,2254,4762,0,0,0
7/3/2020,36433,18940,55373,13013,4451,17464,10641,14226,18940,2245,4743,0,0,0
7/4/2020,36268,18967,55235,12825,4437,17262,10655,14247,18967,2253,4759,0,0,0
7/5/2020,36445,18957,55402,13015,4439,17454,10653,14241,18957,2249,4750,0,0,0
7/6/2020,36555,18949,55504,13067,4481,17548,10658,14243,18949,2254,4764,0,0,0
7/7/2020,36468,18926,55394,13086,4451,17537,10633,14198,18926,2239,4733,0,0,0
7/8/2020,36471,18906,55377,13099,4463,17562,10621,14171,18906,2243,4738,0,0,0
7/9/2020,36505,18951,55456,13102,4466,17568,10652,14211,18951,2237,4726,0,0,0
7/10/2020,36557,18930,55487,13152,4486,17638,10641,14195,18930,2236,4724,0,0,0
7/11/2020,36547,18913,55460,13151,4462,17613,10636,14194,18913,2244,4740,0,0,0
7/12/2020,36495,18867,55362,13117,4486,17603,10602,14151,18867,2243,4741,0,0,0
7/13/2020,36477,18858,55335,13136,4465,17601,10590,14130,18858,2245,4746,0,0,0
7/14/2020,36472,18895,55367,13108,4470,17578,10617,14168,18895,2235,4726,0,0,0
7/15/2020,36333,18918,55251,12933,4481,17414,10638,14195,18918,2234,4724,0,0,0
7/16/2020,36447,18874,55321,13089,4476,17565,10612,14159,18874,2235,4723,0,0,0
7/17/2020,36393,18854,55247,13070,4461,17531,10601,14156,18854,2228,4706,0,0,0
7/18/2020,36358,18802,55160,13061,4477,17538,10568,14106,18802,2232,4714,0,0,0
7/19/2020,36409,18825,55234,13081,4478,17559,10577,14127,18825,2235,4723,0,0,0
7/20/2020,36438,18820,55258,13112,4479,17591,10579,14126,18820,2234,4721,0,0,0
7/21/2020,36462,18834,55296,13128,4488,17616,10593,14137,18834,2227,4709,0,0,0
7/22/2020,36464,18820,55284,13168,4474,17642,10585,14118,18820,2225,4704,0,0,0
7/23/2020,36405,18801,55206,13120,4487,17607,10574,14102,18801,2222,4696,0,0,0
7/24/2020,36362,18761,55123,13113,4461,17574,10568,14099,18761,2220,4689,0,0,0
7/25/2020,36376,18758,55134,13114,4466,17580,10565,14099,18758,2225,4697,0,0,0
7/26/2020,36388,18730,55118,13145,4486,17631,10547,14076,18730,2217,4681,0,0,0
7/27/2020,36359,18717,55076,13130,4489,17619,10537,14067,18717,2214,4673,0,0,0
7/28/2020,36355,18724,55079,13129,4481,17610,10550,14090,18724,2205,4655,0,0,0
7/29/2020,36364,18684,55048,13160,4491,17651,10527,14045,18684,2212,4668,0,0,0
7/30/2020,36374,18716,55090,13141,4508,17649,10542,14062,18716,2208,4663,0,0,0
7/31/2020,36212,18718,54930,13048,4486,17534,10529,14040,18718,2195,4638,0,0,0
8/1/2020,36156,18654,54810,13049,4481,17530,10486,13982,18654,2198,4644,0,0,0
8/2/2020,36248,18708,54956,13072,4496,17568,10524,14032,18708,2200,4648,0,0,0
8/3/2020,36306,18672,54978,13118,4503,17621,10508,14006,18672,2214,4679,0,0,0
8/4/2020,36268,18675,54943,13104,4497,17601,10507,14011,18675,2203,4656,0,0,0
8/5/2020,36241,18627,54868,13096,4498,17594,10488,13972,18627,2213,4675,0,0,0
8/6/2020,36276,18669,54945,13148,4481,17629,10508,13987,18669,2205,4660,0,0,0
8/7/2020,36205,18633,54838,13117,4485,17602,10490,13955,18633,2199,4648,0,0,0
8/8/2020,36139,18623,54762,13085,4475,17560,10486,13943,18623,2194,4636,0,0,0
8/9/2020,36222,18619,54841,13140,4496,17636,10483,13945,18619,2196,4641,0,0,0
8/10/2020,36230,18611,54841,13116,4514,17630,10480,13937,18611,2206,4663,0,0,0
8/11/2020,36154,18583,54737,13092,4532,17624,10473,13923,18583,2181,4607,0,0,0
8/12/2020,36268,18639,54907,13148,4546,17694,10491,13949,18639,2189,4625,0,0,0
8/13/2020,36227,18614,54841,13155,4529,17684,10479,13931,18614,2183,4612,0,0,0
8/14/2020,36142,18587,54729,13091,4520,17611,10469,13909,18587,2189,4622,0,0,0
8/15/2020,36174,18590,54764,13128,4516,17644,10468,13895,18590,2195,4635,0,0,0
8/16/2020,36263,18613,54876,13192,4521,17713,10480,13915,18613,2195,4635,0,0,0
8/17/2020,36216,18521,54737,13225,4526,17751,10430,13853,18521,2184,4612,0,0,0
8/18/2020,36141,18521,54662,13145,4518,17663,10431,13859,18521,2187,4619,0,0,0
8/19/2020,36233,18550,54783,13177,4531,17708,10466,13896,18550,2193,4629,0,0,0
8/20/2020,36256,18535,54791,13224,4547,17771,10449,13874,18535,2183,4611,0,0,0
8/21/2020,36193,18517,54710,13205,4527,17732,10434,13851,18517,2184,4610,0,0,0
8/22/2020,36180,18524,54704,13190,4540,17730,10440,13860,18524,2173,4590,0,0,0
8/23/2020,36226,18523,54749,13211,4546,17757,10446,13878,18523,2172,4591,0,0,0
8/24/2020,36242,18514,54756,13221,4538,17759,10444,13881,18514,2178,4602,0,0,0
8/25/2020,36138,18463,54601,13212,4545,17757,10415,13828,18463,2154,4553,0,0,0
8/26/2020,36143,18487,54630,13220,4556,17776,10424,13843,18487,2139,4524,0,0,0
8/27/2020,36180,18517,54697,13223,4552,17775,10441,13871,18517,2144,4534,0,0,0
8/28/2020,36177,18461,54638,13231,4544,17775,10419,13839,18461,2158,4563,0,0,0
8/29/2020,36220,18457,54677,13263,4557,17820,10425,13839,18457,2157,4561,0,0,0
8/30/2020,36183,18472,54655,13230,4546,17776,10432,13847,18472,2156,4560,0,0,0
8/31/2020,36134,18436,54570,13226,4533,17759,10414,13813,18436,2158,4562,0,0,0
9/1/2020,36061,18441,54502,13239,4525,17764,10406,13790,18441,2134,4507,0,0,0
9/2/2020,36108,18515,54623,13223,4535,17758,10450,13845,18515,2132,4505,0,0,0
9/3/2020,36081,18431,54512,13240,4542,17782,10417,13793,18431,2134,4506,0,0,0
9/4/2020,36009,18404,54413,13217,4531,17748,10397,13753,18404,2134,4508,0,0,0
9/5/2020,36037,18399,54436,13248,4522,17770,10398,13756,18399,2135,4511,0,0,0
9/6/2020,35959,18372,54331,13202,4509,17711,10385,13733,18372,2136,4515,0,0,0
9/7/2020,36038,18425,54463,13235,4532,17767,10411,13769,18425,2131,4502,0,0,0
9/8/2020,36052,18425,54477,13211,4554,17765,10408,13766,18425,2140,4521,0,0,0
9/9/2020,36059,18431,54490,13263,4542,17805,10404,13763,18431,2125,4491,0,0,0
9/10/2020,36070,18417,54487,13277,4564,17841,10405,13754,18417,2118,4475,0,0,0
9/11/2020,36013,18410,54423,13236,4539,17775,10413,13759,18410,2120,4479,0,0,0
9/12/2020,36022,18449,54471,13201,4542,17743,10437,13793,18449,2124,4486,0,0,0
9/13/2020,36088,18410,54498,13283,4562,17845,10405,13743,18410,2130,4500,0,0,0
9/14/2020,36008,18360,54368,13230,4557,17787,10381,13726,18360,2127,4495,0,0,0
9/15/2020,36078,18382,54460,13310,4566,17876,10393,13726,18382,2118,4476,0,0,0
9/16/2020,36098,18370,54468,13316,4576,17892,10399,13736,18370,2116,4470,0,0,0
9/17/2020,36086,18352,54438,13334,4557,17891,10393,13724,18352,2116,4471,0,0,0
9/18/2020,36066,18377,54443,13280,4549,17829,10411,13751,18377,2123,4486,0,0,0
9/19/2020,36020,18340,54360,13284,4555,17839,10373,13710,18340,2115,4471,0,0,0
9/20/2020,36071,18355,54426,13292,4568,17860,10393,13738,18355,2116,4473,0,0,0
9/21/2020,36041,18296,54337,13315,4554,17869,10369,13700,18296,2116,4472,0,0,0
9/22/2020,36024,18300,54324,13327,4565,17892,10358,13689,18300,2101,4443,0,0,0
9/23/2020,35923,18250,54173,13293,4546,17839,10334,13654,18250,2096,4430,0,0,0
9/24/2020,35922,18266,54188,13280,4543,17823,10344,13659,18266,2101,4440,0,0,0
9/25/2020,35876,18257,54133,13220,4523,17743,10345,13666,18257,2113,4467,0,0,0
9/26/2020,35850,18240,54090,13229,4510,17739,10335,13652,18240,2109,4459,0,0,0
9/27/2020,35921,18269,54190,13272,4523,17795,10345,13669,18269,2107,4457,0,0,0
9/28/2020,35919,18213,54132,13313,4510,17823,10308,13624,18213,2114,4472,0,0,0
9/29/2020,35881,18255,54136,13276,4493,17769,10328,13644,18255,2112,4468,0,0,0
9/30/2020,35873,18270,54143,13278,4520,17798,10326,13641,18270,2096,4434,0,0,0
10/1/2020,35828,18269,54097,13242,4524,17766,10327,13642,18269,2089,4420,0,0,0
10/2/2020,35823,18280,54103,13225,4503,17728,10344,13659,18280,2097,4436,0,0,0
10/3/2020,35733,18215,53948,13210,4508,17718,10293,13587,18215,2092,4428,0,0,0
10/4/2020,35832,18240,54072,13299,4512,17811,10310,13601,18240,2088,4420,0,0,0
10/5/2020,35840,18201,54041,13289,4510,17799,10295,13593,18201,2104,4448,0,0,0
10/6/2020,35849,18247,54096,13287,4517,17804,10320,13616,18247,2096,4429,0,0,0
10/7/2020,35882,18252,54134,13321,4528,17849,10318,13620,18252,2089,4413,0,0,0
10/8/2020,35870,18189,54059,13312,4532,17844,10287,13585,18189,2102,4441,0,0,0
10/9/2020,35887,18228,54115,13292,4536,17828,10303,13612,18228,2104,4447,0,0,0
10/10/2020,35935,18226,54161,13348,4521,17869,10316,13627,18226,2100,4439,0,0,0
10/11/2020,35961,18229,54190,13366,4540,17906,10322,13632,18229,2092,4423,0,0,0
10/12/2020,35975,18205,54180,13397,4543,17940,10302,13610,18205,2093,4425,0,0,0
10/13/2020,35967,18247,54214,13352,4542,17894,10313,13630,18247,2102,4443,0,0,0
10/14/2020,35878,18188,54066,13380,4511,17891,10276,13577,18188,2085,4410,0,0,0
10/15/2020,35960,18240,54200,13419,4514,17933,10304,13616,18240,2086,4411,0,0,0
10/16/2020,35991,18267,54258,13431,4520,17951,10315,13630,18267,2086,4410,0,0,0
10/17/2020,35977,18259,54236,13432,4526,17958,10304,13607,18259,2088,4412,0,0,0
10/18/2020,36074,18293,54367,13463,4532,17995,10331,13657,18293,2093,4422,0,0,0
10/19/2020,35959,18256,54215,13404,4531,17935,10306,13620,18256,2084,4404,0,0,0
10/20/2020,35961,18275,54236,13434,4529,17963,10306,13611,18275,2076,4387,0,0,0
10/21/2020,35867,18218,54085,13423,4508,17931,10280,13578,18218,2062,4358,0,0,0
10/22/2020,35944,18275,54219,13437,4522,17959,10312,13621,18275,2067,4364,0,0,0
10/23/2020,35946,18281,54227,13403,4520,17923,10327,13643,18281,2073,4380,0,0,0
10/24/2020,35913,18231,54144,13433,4503,17936,10301,13603,18231,2070,4374,0,0,0
10/25/2020,35923,18244,54167,13409,4529,17938,10316,13625,18244,2063,4360,0,0,0
10/26/2020,35988,18186,54174,13479,4530,18009,10304,13604,18186,2070,4375,0,0,0
10/27/2020,36022,18181,54203,13505,4544,18049,10305,13602,18181,2067,4371,0,0,0
10/28/2020,35926,18106,54032,13502,4544,18046,10270,13548,18106,2047,4332,0,0,0
10/29/2020,35991,18093,54084,13569,4542,18111,10261,13535,18093,2055,4345,0,0,0
10/30/2020,35983,18107,54090,13562,4523,18085,10277,13545,18107,2058,4353,0,0,0
10/31/2020,35980,18129,54109,13536,4516,18052,10293,13569,18129,2060,4359,0,0,0
11/1/2020,35999,18125,54124,13559,4533,18092,10285,13560,18125,2055,4347,0,0,0
11/2/2020,36035,18112,54147,13622,4534,18156,10260,13538,18112,2053,4341,0,0,0
11/3/2020,36037,18147,54184,13634,4525,18159,10290,13570,18147,2037,4308,0,0,0
11/4/2020,35950,18069,54019,13588,4536,18124,10257,13522,18069,2036,4304,0,0,0
11/5/2020,35950,18081,54031,13579,4539,18118,10262,13530,18081,2035,4302,0,0,0
11/6/2020,35918,18054,53972,13581,4523,18104,10227,13492,18054,2045,4322,0,0,0
11/7/2020,35889,18029,53918,13576,4523,18099,10214,13473,18029,2042,4317,0,0,0
11/8/2020,35964,18036,54000,13632,4523,18155,10225,13484,18036,2046,4325,0,0,0
11/9/2020,35905,18021,53926,13590,4524,18114,10224,13477,18021,2043,4314,0,0,0
11/10/2020,35870,17972,53842,13608,4519,18127,10194,13436,17972,2038,4307,0,0,0
11/11/2020,35933,17984,53917,13682,4543,18225,10202,13443,17984,2020,4265,0,0,0
11/12/2020,,,,,,,,,,,,0,0,0
11/13/2020,,,,,,,,,,,,0,0,0
11/14/2020,,,,,,,,,,,,0,0,0
11/15/2020,,,,,,,,,,,,0,0,0
11/16/2020,,,,,,,,,,,,0,0,0
11/17/2020,,,,,,,,,,,,0,0,0
11/18/2020,,,,,,,,,,,,0,0,0
11/19/2020,,,,,,,,,,,,0,0,0
11/20/2020,,,,,,,,,,,,0,0,0
11/21/2020,,,,,,,,,,,,0,0,0
11/22/2020,,,,,,,,,,,,0,0,0
11/23/2020,,,,,,,,,,,,0,0,0
11/24/2020,,,,,,,,,,,,0,0,0
11/25/2020,,,,,,,,,,,,0,0,0
11/26/2020,,,,,,,,,,,,0,1,0
11/27/2020,,,,,,,,,,,,0,0,0
11/28/2020,,,,,,,,,,,,0,0,0
11/29/2020,,,,,,,,,,,,0,0,0
11/30/2020,,,,,,,,,,,,0,0,0
12/1/2020,,,,,,,,,,,,0,0,0
12/2/2020,,,,,,,,,,,,0,0,0
12/3/2020,,,,,,,,,,,,0,0,0
12/4/2020,,,,,,,,,,,,0,0,0
12/5/2020,,,,,,,,,,,,0,0,0
12/6/2020,,,,,,,,,,,,0,0,0
12/7/2020,,,,,,,,,,,,0,0,0
12/8/2020,,,,,,,,,,,,0,0,0
12/9/2020,,,,,,,,,,,,0,0,0
12/10/2020,,,,,,,,,,,,0,0,0
12/11/2020,,,,,,,,,,,,0,0,0
12/12/2020,,,,,,,,,,,,0,0,0
12/13/2020,,,,,,,,,,,,0,0,0
12/14/2020,,,,,,,,,,,,0,0,0
12/15/2020,,,,,,,,,,,,0,0,0
12/16/2020,,,,,,,,,,,,0,0,0
12/17/2020,,,,,,,,,,,,0,0,0
12/18/2020,,,,,,,,,,,,0,0,0
12/19/2020,,,,,,,,,,,,0,0,0
12/20/2020,,,,,,,,,,,,0,0,0
12/21/2020,,,,,,,,,,,,0,0,0
12/22/2020,,,,,,,,,,,,0,0,0
12/23/2020,,,,,,,,,,,,0,0,0
12/24/2020,,,,,,,,,,,,0,0,0
12/25/2020,,,,,,,,,,,,0,0,1
12/26/2020,,,,,,,,,,,,0,0,0
12/27/2020,,,,,,,,,,,,0,0,0
12/28/2020,,,,,,,,,,,,0,0,0
12/29/2020,,,,,,,,,,,,0,0,0
12/30/2020,,,,,,,,,,,,0,0,0
12/31/2020,,,,,,,,,,,,0,0,0
